160
451
256
430
436
426
35
311
70
418
105
6
469
314
364
41
493
334
482
44
95
135
445
193
348
162
126
111
186
459
153
372
16
380
341
129
11
25
185
211
137
47
235
249
370
239
45
300
97
91
110
307
419
23
358
58
265
453
328
480
381
50
123
433
340
411
109
240
225
34
90
122
127
484
412
337
447
476
203
425
292
179
220
234
408
463
405
456
22
441
464
461
194
397
61
18
288
375
156
289
346
27
470
420
497
75
283
468
33
344
261
161
74
48
216
354
466
352
438
475
65
210
299
232
269
323
389
217
175
457
315
143
355
82
331
181
317
258
282
116
149
414
359
455
259
342
56
164
57
32
71
247
112
353
113
290
101
310
12
280
454
450
383
483
229
424
189
78
462
388
5
266
347
187
409
168
88
304
494
183
295
485
215
373
262
377
275
492
431
133
368
104
79
145
263
202
251
387
102
134
398
362
196
188
386
279
399
423
209
121
125
195
77
152
465
157
124
163
28
435
487
312
224
325
10
136
53
7
479
460
238
85
63
29
324
330
214
489
255
139
272
293
201
222
171
64
128
199
237
51
