490
975
48
1021
532
1040
123
712
172
276
110
1039
565
599
445
936
824
186
621
420
899
40
545
1050
686
154
700
4
566
863
274
622
262
551
320
258
401
790
67
465
518
1064
724
590
523
1018
761
280
135
347
633
150
1057
265
282
725
487
1008
990
859
1011
817
166
632
760
193
454
51
30
1071
765
926
71
169
14
644
447
745
924
796
540
914
964
499
555
939
82
531
146
35
737
371
413
814
80
120
341
249
948
368
378
149
68
665
170
273
222
810
642
61
333
184
114
696
1037
2
158
13
481
980
987
973
232
303
896
683
405
548
966
764
1068
804
419
1010
129
1026
255
59
773
837
109
335
591
953
822
159
938
850
791
970
270
157
682
220
406
680
33
658
594
388
133
1065
663
84
989
441
524
984
1066
786
311
7
241
340
260
909
645
240
228
515
977
77
627
554
806
417
556
992
467
539
214
473
889
611
1054
985
410
210
779
709
934
24
617
223
463
1041
613
819
461
534
8
479
789
842
655
920
695
883
76
603
993
143
788
63
10
443
511
327
915
763
1058
884
317
345
730
475
20
740
946
351
296
304
219
1053
774
919
572
582
769
793
812
618
507
52
956
449
136
647
827
714
583
455
1043
310
995
652
768
635
471
218
942
1012
759
226
921
502
1015
429
717
34
195
981
620
955
62
811
161
431
176
97
231
399
64
37
674
352
944
204
659
971
784
623
801
86
685
1031
637
649
877
562
775
105
965
435
299
358
1017
657
797
88
945
113
832
901
253
1004
1002
643
162
667
1042
626
742
269
301
95
892
719
816
130
853
213
74
771
305
21
598
495
813
574
688
384
294
472
651
489
1051
259
535
650
610
376
145
781
29
178
1007
361
672
308
943
235
395
707
543
1035
1009
974
533
597
666
171
1059
998
217
547
1045
900
163
47
1044
414
485
433
43
404
1074
66
629
1028
589
140
508
70
553
91
907
932
988
315
958
107
933
482
575
117
246
483
809
519
982
251
390
9
268
925
106
654
1061
355
738
338
631
606
464
838
913
373
741
363
792
959
866
808
669
168
584
286
972
580
727
600
456
928
199
787
690
425
459
385
486
1006
593
753
906
708
870
697
968
375
421
313
290
316
212
393
201
691
1023
17
841
285
818
369
541
75
90
673
185
323
408
516
215
684
607
656
418
39
55
886
994
616
196
244
236
309
131
493
923
694
370
38
242
891
57
947
563
526
19
843
867
206
56
568
1069
328
525
743
520
23
605
770
579
596
396
1025
527
1024
828
