563
203
637
584
804
511
942
91
64
208
12
290
1051
602
850
768
1018
282
401
690
982
222
779
962
695
493
1020
892
881
958
755
856
701
472
597
502
536
985
348
540
825
470
946
1066
688
286
94
1062
515
191
403
394
1019
766
619
131
808
57
879
388
905
326
344
621
633
214
436
872
920
605
620
312
193
539
904
934
740
119
289
718
5
1000
607
4
129
69
202
345
298
886
264
333
953
772
937
218
320
429
393
692
960
929
353
927
667
724
705
92
432
112
503
189
753
199
505
645
810
271
328
246
995
197
926
603
841
549
495
400
3
529
219
18
906
417
812
646
537
534
169
140
322
487
1035
177
535
198
1050
922
210
573
760
343
139
981
712
1052
155
903
229
880
748
587
616
257
97
782
178
500
894
834
68
100
656
821
253
206
896
662
749
379
575
833
65
642
512
180
980
622
638
559
461
858
955
284
71
999
392
242
428
7
555
293
1074
651
465
316
978
332
217
247
708
171
1013
81
354
268
560
149
902
266
371
991
467
842
702
314
606
29
533
36
697
643
796
801
460
677
352
98
908
446
421
144
255
1004
518
909
249
14
813
673
957
975
737
868
882
527
711
464
1002
1006
918
604
337
190
717
366
438
596
21
1047
996
47
452
387
56
476
233
855
595
627
121
687
513
612
70
83
1071
514
761
439
158
1049
166
703
362
74
823
260
305
483
63
790
668
450
750
739
273
919
415
694
679
80
46
137
405
752
477
416
1023
670
126
28
228
611
895
304
862
797
1015
542
435
664
883
693
382
890
369
424
629
644
650
120
99
425
517
787
237
728
710
876
608
523
200
531
145
1028
143
244
374
309
85
870
134
970
628
916
339
101
617
722
869
831
251
133
899
564
25
350
221
41
569
225
1025
34
183
1033
877
554
367
661
23
580
954
674
277
275
269
51
90
544
395
238
462
418
453
329
10
1065
800
159
38
885
826
971
758
384
875
295
37
893
884
336
370
570
1012
26
665
361
913
532
685
599
707
313
88
867
383
566
355
930
399
593
714
296
497
280
319
785
248
172
729
699
75
437
53
773
363
1063
167
283
998
196
525
259
874
786
150
117
414
992
660
1042
110
220
871
209
485
241
291
154
310
1027
1044
359
1032
279
466
1068
744
188
732
976
204
179
419
258
857
1076
498
376
770
243
572
700
397
1016
837
324
402
1067
840
706
859
817
360
60
653
22
1040
211
853
715
851
194
389
406
73
624
776
506
118
267
111
147
1029
142
281
631
762
