195
392
483
339
151
489
279
334
449
149
13
446
237
153
296
174
35
249
274
465
264
116
169
361
37
330
67
352
433
281
421
463
182
190
436
199
405
265
437
322
28
466
84
375
83
406
398
100
103
120
157
311
128
266
112
419
70
497
354
21
22
295
160
146
55
16
227
150
342
172
99
425
367
496
320
52
272
480
394
455
51
283
206
273
435
452
108
208
476
362
404
428
78
456
29
154
194
440
196
175
228
479
430
234
426
1
34
461
54
200
353
484
126
198
132
102
225
494
360
223
71
73
366
18
331
340
399
384
4
31
178
170
252
90
62
490
397
191
87
10
64
297
326
45
358
57
179
387
210
443
14
255
248
166
239
277
247
357
381
243
74
291
137
202
300
498
204
30
167
163
429
185
113
122
493
348
462
161
408
286
205
217
374
415
61
445
233
231
364
139
97
350
262
127
143
117
351
280
114
168
287
391
173
263
267
136
409
148
142
7
488
131
20
459
423
176
107
261
130
214
454
306
467
56
86
475
58
17
372
468
349
144
47
447
48
434
325
101
50
323
77
482
328
222
271
407
81
6
189
8
346
65
123
46
401
203
270
141
232
41
314
316
159
75
472
171
378
43
303
382
390
207
403
284
224
343
66
213
209
119
478
115
109
129
180
321
156
487
302
39
327
230
338
105
365
187
388
253
219
269
464
416
257
32
95
69
155
89
192
370
474
82
412
491
418
42
215
278
438
145
63
134
147
177
448
289
294
282
292
76
411
417
72
211
104
260
216
424
305
93
245
53
38
226
44
229
111
344
19
333
186
477
12
91
444
371
60
96
385
235
258
427
499
244
33
184
485
290
329
310
324
256
49
85
0
288
312
162
395
471
5
3
318
26
460
197
470
492
80
59
341
431
307
332
24
377
473
379
164
309
276
241
442
380
152
304
124
451
251
121
125
181
363
402
386
293
40
396
9
88
165
27
299
400
389
15
393
11
218
201
246
254
285
238
183
453
359
413
486
432
337
495
347
356
450
140
315
92
23
457
376
368
25
118
110
420
138
221
308
439
373
319
98
317
458
441
410
250
414
275
220
335
259
345
188
135
193
422
240
242
469
313
298
481
36
383
106
369
301
236
212
94
133
268
355
158
2
336
68
79
