203
384
321
314
387
33
276
429
319
172
133
81
36
171
45
2
225
35
183
371
257
125
209
90
322
39
413
483
92
120
119
325
359
41
1
118
396
475
195
331
219
473
20
378
214
461
494
75
127
268
4
138
376
184
467
394
437
455
401
460
77
271
428
440
97
334
68
94
329
375
196
425
123
255
279
488
296
392
259
233
451
313
152
328
207
23
153
104
107
406
486
388
363
333
198
86
335
306
9
266
76
3
235
8
369
145
348
180
479
409
197
74
287
5
181
305
88
464
194
471
487
482
476
217
421
80
13
105
484
215
431
251
457
27
320
426
40
341
315
253
332
273
167
264
65
222
85
289
64
459
262
15
249
349
498
381
103
326
67
208
218
293
491
398
391
34
205
337
466
281
189
361
308
352
377
439
298
211
96
18
206
362
435
317
161
338
324
229
350
390
347
493
499
156
300
95
149
128
10
454
265
137
458
365
210
60
256
84
424
356
282
274
497
417
54
263
59
303
193
110
19
37
438
414
230
318
109
379
302
420
419
422
478
115
182
131
140
139
247
0
53
98
258
42
275
399
351
116
129
49
283
166
134
12
367
50
157
93
44
277
146
416
246
297
393
73
415
52
106
404
200
402
311
164
449
102
410
175
430
187
31
353
496
480
83
213
165
22
113
168
236
188
250
154
204
445
148
117
111
87
354
248
278
382
223
47
55
285
72
199
11
434
418
403
407
307
124
221
136
312
452
291
170
177
477
364
360
485
78
141
385
463
284
66
397
345
469
411
299
71
405
260
252
126
151
240
294
372
292
309
144
456
63
159
288
304
441
48
26
234
28
380
132
101
432
343
383
270
336
212
474
32
450
447
433
135
61
46
342
43
185
16
155
389
99
220
330
201
114
267
142
495
30
443
261
243
465
147
163
227
70
7
24
108
286
427
57
468
89
6
245
290
374
169
272
448
38
216
226
158
462
190
112
344
242
91
58
244
280
238
173
241
339
82
56
373
69
269
395
14
62
368
295
100
29
481
444
239
340
492
446
143
355
179
17
310
423
231
174
122
130
301
21
254
436
490
366
228
178
357
400
472
160
51
192
358
186
121
79
408
412
25
162
489
176
327
470
202
453
346
150
370
323
224
386
237
232
316
442
191
