68
246
288
417
120
119
160
162
166
239
369
216
25
61
452
75
308
330
399
302
376
161
188
4
126
175
230
28
140
242
484
322
219
10
277
292
294
492
358
27
461
58
233
139
368
217
78
279
181
295
238
72
165
329
392
280
40
90
332
9
464
429
263
411
215
293
125
185
278
243
458
178
397
129
390
167
194
32
342
250
42
432
428
387
491
448
6
30
224
284
24
485
265
340
205
133
48
382
45
394
487
82
186
456
386
306
337
389
65
395
454
321
220
383
289
201
254
23
482
155
257
151
366
388
457
134
213
14
327
259
154
236
272
106
214
146
189
486
0
430
211
489
249
171
380
483
444
34
451
44
137
93
99
200
372
447
108
270
191
244
339
17
370
415
13
345
85
163
38
462
22
43
433
116
95
443
494
71
255
357
361
398
436
359
354
112
435
229
245
347
174
247
118
467
180
367
350
37
331
440
197
314
222
318
419
441
420
51
226
271
207
393
405
286
145
11
258
381
79
304
283
473
110
348
445
499
493
391
62
316
373
69
344
450
136
87
472
148
437
29
53
130
384
227
480
338
317
241
449
50
334
235
438
193
8
298
164
231
94
455
192
299
379
33
261
221
360
287
89
18
144
385
475
91
141
266
374
252
80
476
463
212
290
105
408
159
471
104
122
59
150
1
63
2
365
371
195
497
76
203
285
177
74
16
378
333
184
218
20
409
400
196
305
328
103
474
410
228
262
223
363
138
364
468
187
127
412
377
237
210
60
282
402
46
401
423
418
434
422
234
123
349
41
204
396
496
427
182
115
407
336
465
117
107
424
168
478
481
128
56
356
459
446
84
479
313
291
66
147
153
274
225
176
77
269
