398
208
188
383
152
238
123
258
303
257
178
151
425
207
158
240
79
291
66
307
140
282
477
223
300
374
491
196
343
323
39
286
101
381
103
229
301
431
69
95
261
204
465
350
494
417
64
483
409
132
395
183
424
458
81
156
264
453
367
249
99
329
224
265
74
285
182
215
146
4
222
255
234
227
216
294
172
302
150
20
339
334
30
328
181
379
125
460
473
319
112
192
12
2
412
268
124
46
54
482
315
110
468
480
470
336
405
58
497
275
335
61
446
283
444
271
242
245
382
475
6
427
442
296
476
372
232
57
456
410
187
345
164
120
60
193
202
387
455
177
327
53
365
241
244
23
267
76
493
171
347
22
154
233
471
325
342
137
459
250
24
29
447
197
402
287
75
36
293
217
348
180
299
236
5
200
73
165
226
452
168
14
324
363
167
436
359
316
292
7
186
289
48
479
96
451
44
32
486
16
21
310
304
173
368
65
481
358
330
67
78
211
440
70
426
411
42
109
219
256
114
225
432
90
45
0
355
28
270
377
273
133
314
230
457
52
396
15
371
248
145
251
102
84
321
206
308
378
117
357
290
50
59
3
262
231
13
435
390
439
108
1
170
37
11
130
220
418
162
138
469
118
86
397
199
153
174
449
49
337
55
490
121
360
430
399
89
252
318
10
115
47
438
279
322
51
414
351
142
33
353
375
338
141
25
92
466
394
136
445
366
326
344
129
274
370
246
91
415
9
386
62
461
260
34
385
205
213
83
195
35
31
85
218
160
423
499
485
362
254
237
263
313
247
284
155
448
94
413
450
72
276
111
278
462
341
184
71
389
68
26
119
116
369
421
93
107
281
243
41
161
259
364
406
8
