203
270
494
489
135
188
436
138
198
262
344
465
394
206
213
302
284
486
9
469
459
445
239
13
69
202
407
134
126
214
77
24
326
66
389
84
396
75
29
88
414
342
457
45
419
295
387
26
159
82
492
354
166
147
115
60
242
266
294
227
375
455
249
61
107
19
451
481
386
475
237
292
435
6
308
303
279
154
381
170
330
291
111
116
483
430
450
52
343
180
257
79
160
424
442
336
304
2
51
485
333
101
440
87
264
228
169
438
464
366
152
149
30
350
163
46
425
91
145
360
15
221
323
252
118
28
100
347
338
196
260
171
397
10
153
22
258
456
17
328
458
155
48
439
225
452
130
321
352
32
443
96
363
47
18
174
210
395
121
99
226
132
217
55
181
128
398
446
484
473
283
223
259
409
0
137
144
358
370
64
256
3
287
158
139
416
68
421
433
466
317
322
241
71
495
167
498
78
297
444
62
427
20
56
233
131
374
35
80
90
243
331
277
491
179
325
379
422
392
362
127
119
329
182
54
234
461
282
276
460
490
156
482
247
251
245
300
112
334
95
254
109
316
246
201
327
305
21
190
14
