189
108
107
64
169
467
347
86
22
278
246
34
61
44
298
281
49
291
428
283
396
430
418
404
499
432
124
361
300
230
99
406
313
146
441
484
268
248
116
299
85
18
127
317
433
41
371
286
348
214
476
393
277
200
32
345
386
252
36
465
275
323
163
23
375
51
179
129
106
69
215
303
307
392
466
220
262
273
324
429
316
266
111
92
383
0
134
1
17
83
175
414
233
154
88
87
255
478
79
343
362
399
289
474
296
244
168
229
176
491
250
462
217
368
411
444
113
304
401
222
81
84
91
337
267
177
397
407
339
480
327
264
195
235
80
346
114
495
251
379
387
350
53
319
468
50
458
3
203
72
311
238
318
453
158
423
372
437
381
413
293
231
315
265
408
144
333
448
261
96
95
485
37
451
145
340
483
139
446
355
336
334
410
190
54
390
97
65
208
469
10
223
452
225
358
305
377
490
171
59
370
31
196
148
258
192
100
409
201
209
257
492
357
384
374
237
184
421
166
477
227
352
274
119
178
103
394
30
117
16
488
47
440
349
378
224
302
60
193
294
186
216
403
131
57
161
90
497
259
389
