395
489
153
33
79
479
409
49
194
190
11
451
393
381
317
227
129
397
96
394
282
450
410
119
28
3
288
432
72
60
253
152
132
107
217
247
319
313
286
88
425
238
331
218
272
299
341
400
52
229
498
303
0
276
284
93
50
363
278
36
322
26
161
259
328
437
271
34
213
461
384
330
165
343
241
142
76
326
471
391
295
465
281
466
172
117
289
251
63
287
182
396
340
188
325
118
204
470
430
244
285
29
20
419
448
283
280
320
1
109
114
449
73
5
366
405
268
422
469
55
414
309
71
290
484
25
252
98
374
65
493
120
344
87
151
389
453
256
146
291
195
496
275
101
387
232
435
472
339
41
166
84
225
150
198
376
131
407
265
342
30
147
231
122
237
369
97
167
349
191
187
495
159
183
488
67
68
350
459
222
454
439
226
457
32
296
348
136
45
243
293
185
401
327
106
273
305
121
14
100
364
113
345
48
209
455
212
18
157
94
436
385
179
444
163
255
365
476
254
478
4
438
447
475
443
181
178
360
300
347
21
224
279
332
208
2
398
499
104
214
434
144
42
418
134
359
362
82
211
382
66
99
126
337
246
403
427
138
13
356
192
123
200
269
334
375
371
491
431
174
483
197
463
485
336
477
175
38
258
297
417
171
43
127
206
460
124
7
155
481
333
78
429
235
230
40
441
47
318
169
399
24
158
482
440
308
420
210
445
149
54
10
386
307
257
89
215
64
168
249
6
380
69
264
81
315
487
189
368
415
15
462
137
176
201
70
311
233
164
390
277
492
458
270
86
383
199
346
335
373
262
316
416
219
302
177
304
402
263
370
428
128
329
456
220
216
57
85
202
298
468
110
115
480
58
