345
836
199
950
1037
709
651
703
305
917
89
743
690
288
658
478
376
97
587
214
718
359
367
223
1032
86
406
695
988
599
195
850
627
113
117
287
906
644
60
960
311
43
243
925
1059
805
411
468
144
429
196
707
140
493
513
65
410
963
247
894
676
683
1041
770
273
62
596
1050
414
921
1028
528
883
692
130
401
491
947
840
351
792
477
1057
987
111
734
755
878
145
436
1009
339
1075
680
203
347
682
300
890
882
153
970
419
322
375
218
642
480
455
5
21
594
413
524
952
391
1024
1026
193
337
448
611
329
303
485
1063
379
505
42
357
497
858
1010
772
1069
678
317
349
1031
614
175
417
749
93
802
262
634
891
277
183
198
762
660
447
435
381
290
261
39
621
47
964
667
294
103
686
872
518
575
771
975
568
583
715
578
679
998
1006
387
88
860
209
606
69
605
717
275
608
1012
830
647
52
118
246
641
302
544
756
141
612
77
201
96
818
327
786
602
471
691
572
110
888
803
759
382
746
334
445
590
735
781
222
903
732
742
730
560
326
215
1055
220
270
886
702
665
788
423
142
589
940
893
249
313
398
613
443
295
609
559
527
966
241
507
368
675
265
635
167
40
937
704
1066
811
808
76
46
610
1033
581
630
738
945
185
6
662
479
152
388
27
159
483
571
1060
415
49
604
977
916
656
229
441
825
282
783
226
1065
1039
522
922
865
721
358
1062
112
776
701
773
100
720
482
687
374
829
672
353
1061
1007
736
955
67
537
396
801
94
797
299
1029
465
760
929
58
714
403
1001
953
552
777
389
859
657
989
289
923
184
11
310
896
616
386
194
350
500
941
1058
160
633
248
122
976
331
1071
416
458
225
694
567
841
739
462
653
51
933
584
769
1013
1030
87
806
309
766
330
132
848
535
910
192
149
169
50
464
8
697
946
863
228
935
434
899
542
404
137
887
951
948
9
961
719
476
284
930
200
554
34
508
582
254
909
190
652
838
163
794
276
457
740
920
31
1047
231
366
1011
636
319
525
1027
1044
889
758
931
978
453
123
363
33
821
862
824
56
548
256
615
328
79
638
383
143
2
283
484
12
984
171
260
632
168
757
170
1016
10
460
38
625
92
205
1053
32
708
23
257
64
474
147
135
526
986
101
696
671
107
837
182
761
292
400
541
967
689
444
439
312
767
874
832
962
213
121
286
54
626
1040
385
371
593
82
446
409
982
576
166
72
546
293
116
539
180
530
41
564
75
958
377
321
365
421
85
3
540
211
787
