441
837
157
1074
687
418
570
285
333
428
677
59
243
210
240
97
236
613
393
363
53
293
21
36
812
295
47
596
49
155
843
856
469
984
4
869
935
605
896
620
929
352
1063
774
768
604
874
296
728
673
31
1019
215
283
419
1018
619
531
750
834
597
922
1000
267
491
964
634
780
48
1054
184
739
1065
637
379
417
801
1016
1021
413
1055
75
449
390
273
508
71
646
554
362
82
576
644
298
475
124
704
463
245
461
68
923
542
778
790
56
456
931
648
549
1009
989
662
760
632
26
550
884
805
630
462
152
1003
345
92
445
500
653
234
988
389
787
784
941
146
617
123
28
752
353
880
1077
498
220
411
360
857
314
79
15
776
115
654
970
420
1008
103
1041
640
203
425
956
534
621
1043
727
493
593
594
73
61
98
63
18
623
24
55
877
121
205
835
17
361
861
762
392
976
868
332
614
611
603
890
165
932
180
369
424
264
3
14
40
89
193
70
552
126
987
276
765
573
960
736
754
94
119
870
898
730
871
836
756
804
940
136
440
128
1071
676
591
741
186
437
143
527
131
20
643
672
41
170
1066
575
969
200
1032
102
785
606
44
271
339
211
405
16
404
720
301
954
915
747
242
899
735
1036
497
990
585
496
499
947
22
188
918
254
57
447
833
555
901
432
578
788
344
729
261
69
759
1002
658
1060
112
328
866
255
96
93
823
698
319
317
622
12
1015
350
433
158
798
803
827
925
303
545
894
715
142
982
686
451
231
488
998
635
821
858
455
246
533
338
1033
625
1013
814
724
1058
476
560
806
354
161
67
403
208
105
446
1062
983
37
633
767
257
64
638
489
318
160
374
963
1076
610
429
718
385
221
1050
410
819
831
1023
692
66
608
933
583
546
893
959
474
288
503
991
2
137
636
966
797
541
110
51
395
743
286
666
349
755
903
1057
334
992
721
430
669
460
278
986
507
416
414
256
592
396
1017
1028
764
509
772
263
502
194
0
99
815
873
1064
329
528
951
76
42
189
232
60
241
1075
222
9
7
867
751
851
626
796
260
492
297
939
883
141
920
955
567
25
953
88
117
230
839
465
1035
214
294
431
1061
589
130
566
971
968
38
799
993
35
878
196
153
1038
90
1072
885
258
690
525
841
710
229
1012
375
415
679
238
652
116
380
1014
587
779
773
178
737
689
981
813
122
279
58
138
280
244
109
408
595
892
370
1011
807
151
914
962
1005
952
450
506
464
287
769
793
83
181
223
209
781
337
1001
668
212
515
950
712
1070
848
62
182
852
336
399
895
607
10
973
326
642
466
365
266
584
284
937
924
320
459
480
628
693
816
911
641
537
179
795
292
397
978
166
149
206
239
511
974
740
30
201
202
5
544
372
132
881
423
1053
538
169
409
699
723
1004
580
191
173
382
859
316
706
46
1056
495
383
6
249
289
854
377
1039
731
842
934
373
481
307
77
185
562
175
477
766
675
930
825
1046
72
281
561
742
195
213
664
824
936
722
335
860
705
304
125
926
434
588
980
268
384
386
1052
1037
381
556
761
494
949
548
753
1025
539
530
656
290
709
650
86
684
639
366
32
1020
421
359
928
74
822
522
811
512
282
341
154
262
783
39
938
111
406
174
685
442
829
114
581
140
875
252
443
818
358
357
145
487
678
682
510
671
602
995
745
91
120
407
840
802
618
897
219
917
364
331
1022
78
579
695
700
770
253
217
609
850
979
427
691
558
100
237
958
101
749
198
1049
789
701
645
513
348
84
703
697
467
233
226
649
879
907
961
913
734
800
27
680
265
183
302
540
876
13
1067
863
999
251
532
50
919
394
828
847
312
996
187
910
523
134
388
448
577
716
486
1051
23
744
714
472
665
275
891
586
162
207
601
830
826
1
535
1029
164
