1068
226
272
370
369
986
1009
77
624
191
632
62
765
465
951
695
963
847
51
544
271
745
649
392
243
869
462
299
277
492
368
972
484
249
642
415
535
25
692
589
740
266
659
660
936
313
100
858
66
482
224
238
964
526
448
1042
294
733
209
438
159
20
3
730
957
154
856
478
140
897
896
0
990
1075
316
955
1015
194
670
1039
1059
136
688
566
968
472
881
671
772
554
80
461
568
198
814
164
50
473
752
252
280
665
215
1063
588
607
1057
469
165
197
565
402
312
884
562
825
195
430
21
625
698
1076
470
455
908
567
820
979
1036
585
24
1050
901
923
967
739
501
116
1048
109
747
452
180
808
899
571
58
494
490
466
99
1037
606
139
8
431
305
204
327
620
598
