242
716
550
1007
685
253
711
378
961
1045
545
380
263
715
366
360
600
747
982
857
302
846
200
743
895
359
828
914
228
305
768
1043
930
763
548
395
276
28
350
450
592
61
820
563
70
635
95
57
931
110
794
923
999
174
132
342
444
977
818
514
1014
386
433
45
686
894
265
384
759
783
414
24
148
706
179
507
63
479
5
280
745
1057
144
964
194
294
811
513
27
182
898
221
484
1009
337
332
617
121
680
1060
405
681
840
1067
68
502
181
188
808
81
1042
593
973
647
696
363
602
9
770
864
581
535
638
843
260
1031
153
1025
947
488
33
624
1010
141
112
196
732
1070
736
355
128
205
129
610
308
118
396
739
322
73
959
476
924
737
850
667
62
643
145
578
674
952
214
354
633
656
225
223
889
1061
1021
729
417
547
784
301
209
76
180
373
220
67
785
270
10
1022
1033
677
690
588
839
880
357
967
87
349
854
163
1073
528
389
85
162
410
606
201
478
802
167
230
721
1069
206
224
719
890
184
926
774
475
742
274
278
56
1015
868
852
6
942
787
991
906
887
236
700
8
383
849
160
631
901
769
297
98
943
283
120
847
258
971
323
226
1038
856
531
755
798
744
790
219
838
391
1068
972
525
402
232
585
64
1064
668
532
111
155
43
140
929
693
771
1037
604
1005
400
151
84
904
55
254
504
605
714
268
626
469
300
243
935
517
786
659
90
123
989
594
978
1027
136
116
279
599
830
694
1077
455
853
176
575
152
173
271
560
345
746
