104
149
465
431
326
90
276
344
231
159
408
17
44
283
190
351
275
195
129
98
198
448
340
124
288
101
379
188
473
331
84
48
204
103
416
267
225
10
264
385
352
453
154
147
413
457
445
193
268
415
277
100
244
220
414
310
167
426
150
166
96
9
82
305
436
474
34
108
483
293
391
206
371
112
368
21
109
389
70
495
479
64
449
289
132
271
59
145
114
364
480
117
243
405
425
54
197
419
452
337
428
329
89
88
325
60
115
138
418
395
396
27
25
14
296
397
6
386
216
240
131
120
214
434
446
314
343
309
300
443
87
79
404
485
454
205
411
1
212
499
270
176
187
155
191
383
441
387
492
303
269
323
322
461
358
192
226
228
168
382
134
95
238
338
307
217
281
119
135
375
94
47
247
412
236
392
40
175
0
402
470
74
235
280
56
65
105
221
455
185
4
142
294
136
287
353
468
8
20
35
324
30
477
429
286
284
2
12
130
469
406
422
171
360
62
496
233
272
254
163
312
366
51
363
66
475
210
111
23
484
493
290
320
180
45
173
181
437
433
219
393
377
388
423
435
476
313
299
182
22
