947
270
333
432
944
174
245
593
362
51
342
543
318
959
161
286
930
37
390
1064
617
429
306
69
106
83
1000
491
871
970
1022
690
204
1076
954
27
899
992
1017
938
703
383
337
389
79
552
635
284
829
855
441
129
19
327
2
128
851
894
189
497
586
165
363
1016
677
505
330
442
932
941
1013
498
670
573
411
570
487
755
262
143
994
126
836
789
636
313
928
261
725
812
710
846
974
956
671
601
965
255
666
508
356
216
583
117
1050
795
782
649
574
96
653
58
568
650
923
144
260
979
1056
25
549
344
193
535
84
822
305
582
160
39
464
821
405
984
241
692
102
199
77
910
31
229
440
927
877
45
687
302
707
259
156
133
588
81
131
202
417
18
127
47
806
933
1003
358
926
864
630
819
406
388
872
603
265
396
612
623
89
1073
735
939
919
134
328
425
818
559
652
408
368
321
698
1040
712
637
335
644
842
866
969
783
541
849
651
905
329
655
118
555
421
35
721
539
879
713
415
224
904
563
876
870
90
805
716
275
423
310
728
6
760
762
1069
898
66
912
274
647
1020
885
533
787
314
49
235
528
1023
41
519
600
369
613
466
998
1028
40
500
955
215
352
931
752
865
995
862
902
646
884
794
741
883
578
59
502
584
897
384
158
688
810
595
1007
1047
360
918
372
1058
460
247
907
848
538
960
136
210
289
654
753
110
963
470
679
361
217
221
340
967
892
839
587
1006
414
152
743
457
326
925
772
16
320
911
681
558
750
808
784
622
802
287
108
579
700
537
602
101
917
915
553
36
525
814
151
540
273
285
1067
845
323
194
832
592
786
212
142
32
345
341
633
276
1044
269
267
430
190
831
512
878
889
590
257
781
660
63
532
452
26
571
989
159
299
1048
756
139
455
196
953
609
751
412
148
962
471
820
869
803
346
860
420
797
546
684
758
620
882
717
1071
680
629
72
24
840
272
778
1024
705
859
957
958
138
873
115
833
278
507
119
339
393
410
295
1012
68
936
1008
817
426
483
1010
1041
277
10
903
495
197
381
641
1072
52
800
530
514
195
399
203
86
324
964
375
615
961
92
572
394
618
1038
950
249
65
767
44
863
228
80
98
263
761
754
682
693
585
237
20
343
64
901
545
638
214
225
714
4
300
23
266
188
771
403
856
443
176
57
566
718
1053
968
366
757
264
387
719
673
951
843
29
659
723
686
28
208
297
186
929
621
544
95
619
317
1046
614
610
124
727
233
1042
971
656
1060
447
282
463
244
353
