90
1041
1060
951
974
722
708
295
658
336
277
590
359
712
134
78
314
143
893
943
368
967
5
897
426
349
61
659
776
945
415
1013
573
728
1068
734
28
405
620
1039
589
387
32
511
520
204
471
792
580
798
292
902
919
367
715
339
116
467
56
983
274
540
1022
48
841
34
99
555
242
824
668
746
303
249
811
423
376
518
739
982
717
1009
854
591
122
657
632
1061
453
67
189
651
699
901
333
909
436
223
785
92
215
932
417
1071
332
187
788
433
827
461
819
287
93
807
613
998
639
372
804
492
496
378
759
356
655
407
53
928
455
950
907
1027
325
10
931
766
761
904
737
168
276
1014
297
882
914
697
197
418
537
741
293
652
646
1029
780
1045
749
24
689
3
964
