238
87
407
229
472
410
91
342
63
497
286
53
259
103
478
235
46
328
92
433
358
285
263
95
205
33
64
202
401
282
96
341
267
301
363
192
143
69
172
170
94
417
420
303
62
489
248
241
418
408
50
180
128
148
447
353
250
207
215
234
414
493
111
305
280
393
98
392
406
288
236
294
368
264
266
34
59
137
223
334
144
291
313
218
48
255
104
83
232
24
231
450
214
370
17
199
186
307
465
227
383
179
158
156
298
430
68
140
461
424
15
201
25
445
195
237
19
247
427
304
404
480
384
88
4
473
467
390
249
154
348
457
28
455
122
374
484
373
18
118
216
385
449
308
452
339
65
319
243
8
254
476
345
322
121
261
375
9
101
125
354
136
22
439
174
184
279
222
194
378
153
38
422
337
315
178
85
397
0
333
159
131
327
171
3
293
338
142
273
361
379
2
10
72
349
31
138
481
491
196
372
132
209
221
364
395
181
208
51
454
175
99
325
110
381
127
412
428
244
45
47
471
253
411
468
466
163
332
233
469
40
27
157
329
440
14
185
388
190
483
108
262
356
409
97
168
330
300
200
272
