94
821
1000
885
620
611
605
753
915
167
14
816
838
395
1072
676
36
527
444
818
51
914
193
1030
255
175
876
299
891
1016
55
740
500
88
438
1068
473
787
664
4
178
271
82
497
781
205
542
351
1066
1051
437
965
958
723
716
179
28
734
794
738
602
344
977
980
147
69
270
406
432
57
105
85
685
286
568
201
151
407
370
307
746
216
831
1063
86
65
817
301
257
695
864
288
128
735
962
25
228
618
927
675
537
291
883
154
828
949
10
161
934
322
476
711
123
636
587
672
610
165
1013
726
1009
466
947
442
709
508
306
1057
760
943
956
427
230
495
137
594
35
567
1039
668
841
240
936
697
209
1053
790
415
414
449
699
948
24
953
206
386
884
966
122
832
819
266
533
129
606
517
747
638
188
732
712
917
157
833
584
513
865
637
421
1017
424
590
241
445
488
553
1003
468
409
1069
366
361
346
1055
251
837
575
565
452
641
101
49
197
320
11
349
440
47
840
380
377
317
465
901
578
531
843
191
1075
909
986
12
628
328
1048
192
92
399
983
390
534
464
566
227
805
214
971
81
174
978
905
786
352
596
16
890
448
989
997
545
793
343
502
858
952
908
696
881
823
671
554
853
91
46
331
663
477
573
784
766
522
416
483
0
666
231
540
875
134
692
29
185
15
624
78
133
625
127
733
84
791
474
52
689
984
572
97
3
944
1021
996
903
23
836
208
285
694
592
112
296
851
396
478
417
646
166
677
1022
528
190
806
931
755
