418
862
152
12
176
718
406
371
1005
621
468
798
915
995
510
1001
356
492
307
572
743
797
234
438
544
814
902
73
653
126
636
70
259
973
435
764
1021
495
1010
68
59
577
888
483
20
1055
493
96
921
1003
101
312
278
255
335
774
467
436
570
758
380
417
482
23
402
145
563
1074
792
463
100
183
576
382
933
838
827
388
550
139
640
739
1016
30
300
32
1000
609
301
673
775
856
384
448
554
588
791
963
460
988
700
236
90
29
21
155
812
95
1076
930
290
762
590
684
781
1051
746
191
296
910
691
35
522
734
699
772
997
677
122
565
456
444
615
271
546
657
387
638
1013
54
1012
790
123
669
628
58
22
115
1048
427
981
1022
926
98
668
568
488
788
947
972
731
78
166
1049
267
1033
514
864
829
273
385
281
144
57
810
355
391
909
539
212
109
706
717
619
534
852
736
374
644
156
548
36
318
200
421
18
19
639
964
805
447
631
466
38
616
396
475
1032
317
172
504
216
667
950
347
795
661
674
453
1036
487
50
60
89
314
804
124
47
980
983
442
993
161
957
48
201
455
1071
64
901
880
729
556
72
464
8
891
508
178
208
182
14
128
491
580
753
575
559
120
167
538
389
233
452
984
793
105
751
715
1067
549
520
894
353
763
341
625
1054
311
202
80
450
830
187
840
207
885
37
871
858
434
1038
672
927
512
905
799
1031
914
108
480
608
190
104
15
164
695
429
645
1057
249
1009
1028
664
441
954
192
198
681
7
291
471
641
