991
564
580
586
288
104
469
742
940
217
6
126
209
123
304
422
119
832
714
1032
423
1067
600
14
760
617
1007
38
97
734
1
530
436
431
165
1069
29
909
275
728
997
783
257
526
498
523
632
1014
131
557
1000
161
1057
253
836
279
838
458
773
882
877
190
654
916
935
1023
739
665
1071
575
943
620
635
642
11
1010
799
659
276
585
894
265
303
391
283
887
432
727
138
340
216
510
261
289
172
967
984
842
169
749
408
27
210
558
680
353
690
537
605
150
980
515
90
1045
448
860
140
893
497
726
675
349
116
357
115
51
1016
145
42
79
175
623
362
937
972
356
805
396
914
55
702
1074
58
625
466
222
146
664
258
36
105
375
211
982
695
442
963
67
671
609
611
964
932
886
92
311
8
75
192
731
287
164
151
348
851
70
19
541
1013
389
496
1064
1027
319
934
688
922
464
578
608
343
811
596
248
705
176
771
823
543
1001
350
644
520
708
88
653
387
274
286
766
312
477
171
239
187
379
542
139
85
297
871
237
493
471
293
163
433
679
370
951
26
470
1015
324
50
266
581
928
949
683
46
992
956
755
910
522
479
157
866
540
521
390
78
844
485
792
606
360
554
814
983
328
323
136
514
852
816
193
128
427
215
284
595
804
767
411
300
1039
269
107
1070
366
686
511
344
677
152
102
548
212
232
808
892
730
207
317
694
76
183
674
273
761
179
920
227
450
883
447
818
848
1033
552
589
438
859
717
966
142
316
143
1052
1060
83
330
185
745
178
320
443
527
533
363
60
1030
587
904
704
134
454
467
255
399
1026
302
986
159
835
638
213
519
1038
230
238
895
110
270
706
952
550
1017
629
591
263
713
1022
662
770
440
641
486
718
435
277
441
251
741
721
518
784
376
551
962
640
203
756
371
205
262
593
57
917
242
929
872
241
1050
854
941
725
845
48
103
260
65
426
1041
93
976
603
913
858
229
259
628
415
367
959
970
377
927
199
900
790
342
23
685
331
612
846
406
1066
315
337
206
822
566
225
619
184
573
667
880
652
622
989
657
994
981
99
345
34
545
650
806
118
553
969
750
1035
648
993
405
446
501
9
254
588
942
135
459
647
72
1034
716
954
1005
180
1006
546
473
831
409
535
874
826
244
878
204
290
1047
460
202
437
965
764
697
384
66
1011
513
687
780
249
911
889
59
326
1055
802
696
987
472
712
182
478
418
918
155
338
825
181
1061
54
561
1020
417
374
724
424
306
221
294
2
841
404
7
402
1002
698
71
82
425
915
1049
108
49
314
903
765
113
162
924
576
189
10
430
933
837
689
403
958
563
325
974
789
618
663
1040
455
961
847
410
856
291
787
308
234
445
809
774
857
950
120
86
35
1044
572
149
25
968
231
307
1068
722
121
167
62
525
368
272
824
124
977
1009
607
637
378
339
117
271
421
574
96
1036
301
1043
201
529
114
1042
365
503
12
475
779
715
235
881
655
873
753
517
482
762
492
630
334
898
939
91
40
583
1058
921
1076
285
1054
624
1037
407
719
538
401
95
930
1025
4
614
988
720
693
106
602
226
449
1004
41
68
565
1059
37
536
174
556
801
236
562
998
173
778
931
615
461
666
636
5
946
245
810
985
839
700
512
246
224
223
828
763
429
64
3
744
699
61
692
77
220
481
643
489
1029
298
13
208
45
651
380
364
352
899
1075
385
709
995
1019
233
296
926
400
849
953
891
853
111
817
890
369
1053
336
569
547
252
20
738
240
936
125
975
736
153
112
885
457
56
392
73
610
382
843
800
979
505
31
819
15
757
597
198
388
419
87
502
559
534
875
1008
957
351
777
598
645
631
39
122
945
200
18
318
219
906
144
280
484
80
634
577
870
768
452
656
355
1031
973
639
863
531
813
373
