347
271
86
70
335
95
341
204
52
489
25
476
273
197
419
243
377
345
317
60
328
169
233
418
15
89
396
171
443
49
106
155
496
364
316
39
235
424
368
127
447
357
366
262
166
295
226
177
164
449
133
336
485
494
119
284
173
427
267
29
257
67
421
269
63
359
314
59
465
386
214
43
84
256
162
428
429
125
175
239
299
2
192
338
179
191
159
68
53
55
69
129
296
153
12
353
118
478
491
30
35
426
308
21
224
337
42
48
276
123
379
403
373
61
244
361
205
66
47
358
187
469
326
238
131
20
149
302
249
27
207
264
199
195
274
330
28
488
121
409
176
145
120
34
369
349
7
255
213
401
