71
213
120
336
204
23
91
96
379
145
419
214
229
161
233
4
39
92
279
35
159
368
154
347
162
382
182
415
401
76
468
470
231
58
70
236
409
211
363
224
166
335
357
410
123
494
436
416
133
299
167
157
196
438
238
198
254
74
230
282
246
95
392
46
259
380
243
456
371
316
176
274
30
369
430
187
497
296
356
192
249
84
389
219
240
20
403
65
55
312
284
115
495
306
381
152
9
278
320
431
328
311
73
125
203
391
303
18
444
297
62
342
449
252
353
235
87
344
281
228
323
459
269
122
422
295
142
28
127
110
172
348
66
60
421
163
48
107
139
266
68
307
59
5
324
69
340
365
208
413
318
424
367
67
291
408
226
138
77
81
209
485
49
354
253
471
473
165
210
130
467
388
22
433
106
498
104
310
136
261
38
190
232
83
11
27
483
0
181
121
454
326
105
32
50
262
174
178
146
339
447
34
474
361
475
343
215
411
3
423
263
2
276
400
57
396
359
355
239
358
227
374
36
458
194
373
450
21
140
207
150
330
6
461
114
43
393
445
267
271
101
337
341
272
314
372
222
375
149
173
103
394
7
491
465
171
463
63
481
453
390
280
395
170
285
270
13
442
292
218
302
206
345
418
441
94
54
301
435
113
308
153
325
42
317
155
175
322
44
180
1
15
248
200
417
414
247
384
428
225
47
477
40
492
216
132
349
79
108
338
289
370
385
205
432
434
360
275
386
256
52
496
102
499
286
287
193
469
464
366
383
298
72
462
25
78
351
100
17
223
486
51
277
93
221
305
126
484
12
457
288
350
331
195
425
399
199
183
75
479
264
156
427
109
86
480
98
148
490
179
26
437
186
466
439
