287
343
221
197
85
371
462
14
421
392
10
222
69
149
39
121
387
58
264
467
415
216
260
270
228
480
141
342
244
50
492
187
442
434
489
232
319
198
220
324
192
381
188
32
240
285
412
413
447
470
471
243
77
97
164
57
339
251
454
474
340
172
355
122
15
336
323
428
19
134
86
256
131
170
351
147
406
365
174
431
127
296
62
55
52
424
230
384
46
297
482
191
16
128
203
420
65
401
74
181
123
34
226
359
75
223
109
273
178
258
29
45
68
281
70
328
490
42
21
345
224
239
119
234
284
403
183
257
348
444
358
150
217
161
44
116
496
120
51
31
278
346
321
138
54
241
379
409
160
18
20
71
154
165
354
316
313
143
182
180
176
205
429
301
37
498
200
158
133
472
497
199
0
204
142
407
179
66
169
11
101
426
366
272
440
137
305
468
79
455
235
214
98
396
266
140
253
250
103
261
238
84
410
43
5
94
378
374
411
479
265
213
166
25
294
252
446
436
87
41
422
356
274
400
145
425
329
372
389
457
106
80
338
118
393
246
108
385
427
335
262
215
38
73
326
225
388
114
308
441
