924
232
847
262
849
1077
364
44
365
673
355
276
1060
312
131
434
297
664
16
391
412
234
538
132
554
685
305
952
332
520
627
718
330
545
787
697
35
859
318
442
289
66
463
848
467
252
563
885
570
926
1016
918
142
968
768
677
63
519
549
714
764
336
1047
21
409
636
328
667
514
51
614
165
437
832
129
983
980
106
361
712
961
40
1013
806
67
263
770
602
826
607
335
984
125
100
1022
461
274
940
329
303
372
282
36
202
257
692
351
682
381
1041
19
747
28
325
973
1069
658
522
548
700
176
1011
737
485
687
321
574
709
135
107
635
9
1027
958
762
1051
1043
14
224
1019
675
320
214
637
1
1004
164
954
219
748
146
1029
1014
802
631
283
128
902
825
579
1023
723
853
681
666
172
1055
551
866
41
478
873
683
791
403
492
192
410
603
795
688
160
200
615
892
669
495
746
136
180
162
116
800
633
273
90
376
525
581
871
57
286
24
761
380
964
287
878
788
82
649
836
701
720
699
158
938
55
1000
798
248
342
313
521
634
772
454
818
686
394
370
782
11
645
715
395
212
812
231
1031
43
755
20
60
469
852
933
751
449
706
976
1045
890
340
704
769
1068
907
789
646
586
213
567
422
1035
897
1073
905
719
550
626
939
375
233
353
54
684
613
346
256
466
824
886
506
126
661
3
920
799
599
542
784
935
582
1021
745
1010
794
167
568
743
324
1067
923
604
536
1070
979
532
943
161
72
1056
531
354
56
749
451
895
577
117
877
367
452
103
186
441
837
382
1009
592
580
280
10
894
1026
175
591
756
401
464
668
323
294
119
290
628
539
1003
420
889
856
42
650
716
811
397
120
662
26
53
810
858
496
621
501
406
909
944
619
562
785
137
465
25
929
710
118
12
533
777
879
258
975
571
951
183
432
250
931
906
171
208
440
315
896
899
678
1007
584
371
527
884
1072
436
347
585
779
388
396
291
363
986
733
512
996
725
817
957
1048
1037
793
203
479
900
576
547
295
912
81
127
404
228
821
415
357
400
625
805
553
623
744
828
71
298
70
632
778
827
121
230
359
1052
543
178
39
27
676
89
966
427
601
753
491
419
691
835
195
740
414
928
446
85
780
383
575
1036
876
680
405
960
841
182
211
247
729
374
1074
573
978
360
114
104
1063
781
421
612
227
999
998
757
254
1075
156
7
304
486
417
600
281
618
655
110
518
1020
23
564
459
913
300
439
991
88
653
767
377
1061
911
807
153
13
624
589
122
816
1058
927
345
385
