865
768
976
1011
20
665
874
278
439
42
293
468
521
234
414
949
241
928
522
661
236
156
1015
322
998
777
859
973
193
597
511
958
756
169
165
721
783
749
719
1045
374
651
1067
536
291
546
408
1050
281
309
258
541
880
310
424
344
1042
329
726
289
60
698
568
535
39
952
524
965
404
932
399
1027
518
762
323
739
925
386
872
617
360
303
692
902
1047
851
475
607
58
416
465
984
785
52
608
817
790
432
873
188
318
678
918
5
593
821
720
134
143
852
532
574
530
401
1035
971
2
280
893
235
869
818
552
688
703
742
209
1049
747
1061
148
562
333
307
317
628
652
23
181
679
800
77
667
803
114
10
441
28
263
1021
553
993
986
50
805
313
946
381
413
539
488
670
54
448
372
629
315
1077
727
295
743
185
120
37
402
586
636
1076
64
1008
650
257
312
839
565
926
136
101
1070
164
301
470
812
417
48
499
362
528
397
927
83
718
735
202
349
633
370
512
223
578
881
119
681
820
418
1013
517
823
725
704
214
496
89
49
837
38
575
920
251
761
130
25
1041
654
722
1029
112
269
641
713
410
899
1016
1073
863
886
569
228
358
909
94
687
741
311
265
389
601
395
527
660
124
70
3
321
26
674
95
178
708
732
595
30
18
711
162
492
690
556
967
943
547
456
150
861
854
276
498
442
387
912
638
62
786
391
695
583
481
204
791
87
159
563
831
427
160
131
559
260
116
1028
464
507
815
913
529
860
17
782
242
72
56
644
1001
