455
767
552
689
865
241
872
403
87
621
90
42
1063
709
542
736
79
428
472
138
885
998
324
625
651
592
1023
467
972
892
264
262
483
667
286
612
1007
974
880
957
485
452
599
522
1017
847
131
468
928
477
815
532
915
687
618
1076
225
888
648
416
35
505
1067
490
152
912
254
1043
123
215
570
717
668
29
314
243
697
89
279
931
434
809
425
498
580
628
521
17
198
986
760
147
770
705
1011
182
601
526
64
950
456
207
271
376
835
652
698
256
296
754
162
593
942
644
139
897
423
420
740
769
946
683
811
421
181
764
850
629
86
205
471
16
230
1000
886
259
903
557
413
263
247
673
549
876
57
179
904
1012
1059
58
1071
531
524
832
1065
660
980
278
582
911
849
533
851
642
641
857
55
953
442
807
127
381
134
553
855
955
874
564
432
60
146
461
755
581
595
189
0
350
866
788
615
248
53
878
499
583
161
1057
746
83
379
444
1032
856
506
34
388
141
373
447
103
321
530
962
37
135
280
921
185
71
451
515
591
958
562
285
382
226
347
322
478
307
390
27
51
877
721
816
297
497
541
459
837
377
235
1070
118
317
925
148
674
401
422
567
1010
300
437
439
386
1036
708
409
340
635
765
693
183
710
568
686
393
1018
137
636
404
330
979
818
692
174
253
52
389
943
145
715
766
1048
30
944
918
975
213
197
39
578
7
776
656
712
191
374
566
723
337
859
212
789
195
544
40
516
72
325
571
500
320
260
538
854
349
1050
624
228
838
362
554
967
1001
332
959
359
994
171
435
84
1054
576
810
154
970
496
527
203
210
1068
771
716
369
427
862
2
713
907
220
806
164
399
97
548
113
361
303
1003
584
1069
727
805
799
603
75
883
335
245
23
214
619
761
845
956
938
973
208
971
474
5
144
545
949
190
436
784
589
1040
671
344
364
265
952
94
649
575
782
277
290
893
741
867
363
737
996
484
424
930
114
269
398
1016
534
801
620
305
392
1056
909
284
122
797
1004
95
1019
513
216
187
252
291
272
402
539
884
927
785
111
616
787
9
315
598
355
465
609
239
914
821
475
275
900
222
1027
772
293
429
397
1025
678
961
933
268
11
664
795
234
1075
73
608
676
101
800
108
333
934
489
82
819
85
919
504
730
699
841
167
31
707
130
536
81
993
617
313
739
258
236
48
494
828
827
550
466
814
546
896
56
180
733
124
560
528
121
38
458
132
107
102
613
744
98
517
406
309
186
473
965
360
983
158
817
989
464
523
