209
76
449
70
286
260
186
243
251
175
116
146
362
415
388
27
265
356
149
296
25
417
32
147
190
188
140
418
434
150
216
142
476
123
55
262
448
107
31
493
170
5
468
30
174
374
200
273
152
471
479
491
173
318
2
93
236
135
204
10
441
281
386
359
218
456
72
343
269
139
482
177
102
176
450
63
50
227
183
157
258
189
336
429
15
28
87
278
387
340
338
222
455
312
59
23
288
192
206
118
371
321
8
235
403
373
406
280
352
383
164
208
259
119
168
328
306
488
290
56
242
349
202
248
109
267
474
427
424
73
458
162
115
212
74
358
191
389
451
252
156
82
127
377
446
158
33
467
361
88
365
95
407
197
264
160
345
12
117
275
368
322
317
245
201
255
153
425
179
391
120
103
409
412
367
65
489
366
75
47
185
125
79
112
419
151
480
43
233
464
219
299
137
443
459
159
297
355
220
332
229
431
141
390
207
316
184
402
477
447
106
39
473
136
17
465
287
342
376
496
348
178
122
53
393
334
453
64
481
395
330
154
54
138
198
392
411
499
221
422
228
445
20
144
484
282
90
400
498
172
