681
315
547
283
1075
149
64
732
818
366
188
190
597
1052
723
53
342
310
200
204
160
666
168
233
940
109
421
350
559
256
650
1054
179
448
702
225
387
269
186
360
123
450
665
839
78
390
473
32
291
236
88
963
467
468
115
469
938
867
232
541
1070
1053
571
836
375
338
1060
530
395
19
312
739
566
651
859
709
696
599
37
244
939
405
1035
478
557
1012
476
1024
553
182
935
978
334
79
124
556
697
397
202
118
695
590
1015
410
754
928
158
440
399
205
678
870
628
308
271
349
335
689
890
513
1038
166
856
749
923
482
31
756
827
579
39
952
55
316
322
159
774
348
1041
279
1037
617
813
771
428
791
268
49
45
1020
644
313
28
625
521
105
264
416
522
984
414
