524
917
261
959
1018
305
1012
333
885
71
680
619
764
434
685
83
491
111
138
652
858
455
436
65
1023
408
22
444
693
254
534
395
513
216
225
422
932
1019
845
185
814
256
296
691
153
157
739
409
863
450
473
920
706
550
411
974
243
1034
795
908
1014
218
844
162
265
448
516
24
236
100
935
624
930
530
414
38
99
59
569
748
341
458
937
467
914
578
918
391
634
275
60
454
639
407
843
127
865
250
237
340
575
429
745
762
16
122
468
683
1045
556
316
306
255
464
229
592
397
670
381
303
91
239
979
342
463
477
21
987
368
947
785
419
978
746
522
635
84
76
335
723
53
460
1002
780
851
648
35
644
195
5
701
431
231
300
257
116
184
374
203
258
633
