330
443
403
299
46
179
499
402
375
479
162
473
128
455
228
40
428
449
344
273
43
66
112
35
278
173
9
147
360
238
115
401
288
347
113
48
439
204
251
413
392
317
230
107
239
63
39
390
83
309
382
26
414
144
389
419
457
421
143
496
290
119
468
17
497
248
243
188
312
132
192
205
350
123
36
323
245
90
470
467
418
495
0
156
406
277
223
67
24
376
166
400
480
159
481
303
81
318
359
194
384
342
336
416
218
282
488
105
261
474
453
268
134
186
331
50
415
329
444
216
353
472
424
346
321
328
354
116
395
95
131
200
292
29
256
103
5
486
82
234
141
393
240
280
493
487
178
217
242
463
