783
13
250
1053
262
454
60
110
982
672
23
1069
750
822
991
1068
59
92
950
417
715
639
317
362
843
281
584
814
636
82
532
345
629
1000
929
570
103
114
71
1066
1035
315
497
232
926
87
197
338
274
581
8
760
631
48
951
314
62
777
276
535
340
339
412
978
137
840
206
91
336
877
533
446
89
26
832
915
174
1032
754
855
296
1051
306
577
1004
58
1043
273
43
294
1075
180
597
312
212
961
505
1005
683
36
635
124
88
974
494
1073
334
436
344
728
870
716
1039
1057
948
622
510
25
402
375
457
324
545
1058
1033
909
128
981
1071
77
770
640
502
766
769
275
567
1061
1006
830
850
148
407
610
894
954
486
659
1020
959
793
919
603
202
404
234
707
20
398
416
385
706
985
477
979
713
1060
41
172
844
591
747
349
755
387
93
374
1056
453
266
572
173
425
363
320
185
933
227
350
394
560
327
816
663
824
1007
217
1034
696
571
408
161
1027
287
604
737
928
420
198
1014
548
630
496
419
303
242
359
152
943
346
578
975
642
730
806
109
967
159
500
151
53
835
15
187
714
343
357
268
552
944
989
249
445
184
22
272
1070
761
403
526
265
361
240
671
46
692
133
188
300
127
947
1059
874
863
531
890
10
946
332
749
705
141
540
369
867
632
862
798
775
1044
767
554
655
810
269
14
63
215
618
418
473
616
305
270
971
448
921
780
587
586
208
717
236
800
86
633
241
504
75
143
817
764
271
911
237
851
600
35
79
1017
68
264
735
135
538
57
794
602
253
258
484
307
512
1023
182
918
838
96
388
113
102
309
1016
45
561
842
328
734
781
568
564
831
541
479
882
796
656
723
169
122
485
90
536
354
392
1031
70
555
452
517
934
615
1052
468
377
47
768
976
598
569
537
885
1011
397
704
298
12
28
932
698
112
400
878
140
352
278
428
383
153
384
76
652
413
778
16
293
678
925
356
648
441
799
30
556
235
980
233
575
308
299
625
229
319
210
724
588
1065
860
260
849
585
367
378
653
986
460
205
213
119
455
489
1047
34
228
534
627
785
1077
784
149
522
100
406
566
1063
432
708
329
834
786
465
44
836
544
612
99
164
907
450
290
101
565
756
940
710
993
904
503
637
864
52
682
166
945
543
490
593
168
1041
211
994
134
263
433
953
580
626
657
891
558
366
238
288
931
772
347
949
871
807
1013
665
884
1042
192
650
1021
39
899
819
590
583
325
18
903
759
431
123
138
2
746
1001
474
886
865
859
222
1
547
244
711
563
964
634
257
803
255
247
178
821
611
472
649
833
108
73
379
841
686
144
826
493
827
322
998
353
651
267
699
527
815
435
321
983
499
358
443
160
525
284
183
216
1008
106
900
439
519
551
51
475
1037
393
846
259
753
40
997
461
788
787
37
820
427
638
722
972
542
795
399
661
139
955
647
318
145
304
576
623
111
158
83
644
984
965
368
829
774
757
1028
442
782
391
847
81
762
687
438
466
7
422
396
355
614
752
685
912
195
889
549
848
1018
94
130
456
1024
721
562
386
790
883
738
992
837
709
476
434
743
809
239
177
763
742
451
129
189
881
1010
913
712
330
679
302
126
163
27
297
292
805
248
252
701
115
823
488
987
295
423
80
414
856
50
688
574
792
515
462
64
608
902
190
599
506
171
725
121
1048
670
1012
879
858
220
872
55
513
970
125
729
668
613
395
444
893
1074
718
892
218
839
280
49
155
201
162
24
61
719
285
960
1036
539
373
1026
703
895
32
896
69
726
559
664
621
906
609
481
342
898
256
131
19
1029
223
771
916
524
1019
875
702
988
283
289
478
791
936
498
927
430
470
6
914
480
828
337
676
758
897
802
246
546
382
744
518
1049
225
732
866
21
1040
360
736
573
