443
765
149
284
964
966
665
48
365
345
691
203
80
250
104
226
1025
269
72
115
871
436
903
999
22
576
705
320
781
991
620
912
908
768
211
352
656
570
142
205
349
759
402
423
642
137
165
590
887
891
276
931
661
783
945
825
396
689
877
445
344
754
890
102
50
798
6
930
363
373
925
577
125
322
950
223
805
583
557
635
39
722
952
134
1048
306
342
942
836
1003
325
387
716
476
784
68
671
600
648
643
605
329
815
896
466
693
752
207
774
750
7
486
761
868
491
343
462
814
1011
15
118
293
471
394
399
366
795
997
91
1056
160
167
581
1041
356
830
929
83
206
96
25
926
139
327
176
963
119
309
594
767
378
69
1044
204
456
238
256
780
1067
639
16
