309
789
1006
837
982
150
679
1050
408
129
425
63
915
796
56
33
434
497
905
433
121
859
395
68
587
728
257
631
626
677
621
934
778
990
986
347
494
421
107
593
43
419
687
1041
254
1059
207
921
840
989
618
30
209
871
232
558
47
568
481
225
671
154
126
141
951
624
826
376
123
270
711
811
265
490
455
249
439
833
1069
305
844
447
902
1052
595
499
949
995
127
696
886
55
423
790
1064
391
530
205
266
215
695
214
639
517
97
163
236
881
139
599
668
78
332
224
864
838
800
283
712
797
1018
1002
317
19
450
1039
1051
702
810
529
328
218
461
853
648
331
358
71
650
681
809
546
981
482
1004
774
541
563
873
532
299
983
758
729
1055
227
453
238
1045
382
388
313
709
795
1009
969
710
813
521
459
656
86
516
988
543
555
784
977
1
617
301
383
694
935
158
9
405
458
827
155
891
248
887
96
781
326
854
407
1008
124
573
916
312
62
972
109
179
878
465
57
703
167
748
159
861
108
486
418
978
14
466
919
869
17
280
36
221
496
683
310
736
929
476
38
649
994
381
506
122
429
678
82
401
698
323
1040
514
467
117
755
162
357
874
557
734
371
1001
389
7
133
185
640
508
717
480
520
410
654
556
987
275
820
730
901
48
460
993
338
37
22
431
80
548
335
229
812
436
195
960
398
941
1044
201
725
570
284
991
531
620
233
142
942
690
66
575
354
294
477
1000
24
892
291
645
279
613
111
549
104
718
1011
598
454
928
31
290
103
18
198
1019
858
489
564
76
15
582
94
534
900
761
560
909
422
435
918
720
523
165
684
41
802
240
308
879
243
782
304
501
208
1043
708
565
515
896
552
289
753
1013
913
669
940
863
577
77
409
339
446
1053
751
182
392
818
968
917
834
442
268
70
471
199
966
211
767
437
857
492
469
263
973
912
524
212
186
140
502
341
804
505
258
61
330
870
622
1049
8
950
839
92
277
44
623
700
764
396
45
377
259
411
906
894
445
414
360
1054
367
1026
1072
875
153
500
49
922
616
472
98
816
670
298
537
992
676
571
819
625
479
851
27
868
300
757
1007
675
542
164
637
1068
303
348
591
380
90
368
884
321
822
608
399
272
152
924
772
252
883
29
138
67
824
485
336
491
378
99
468
551
945
794
441
510
697
245
980
1077
672
999
780
835
842
191
722
478
125
81
655
603
170
746
51
897
735
1076
193
346
1066
324
3
770
888
116
241
449
561
998
95
4
488
271
344
845
664
16
