490
1014
569
542
545
561
110
440
721
79
332
459
757
1077
747
2
404
346
99
435
641
615
120
697
45
1061
832
447
563
578
883
265
361
260
351
186
106
1054
618
450
200
67
307
239
588
137
804
1029
283
771
349
162
482
507
430
400
232
700
299
904
1016
663
426
322
27
1022
807
1046
629
391
538
532
1027
999
327
128
729
154
34
1072
259
433
20
487
196
496
422
875
591
599
775
88
906
524
953
552
945
288
1024
776
593
682
726
539
930
814
656
405
360
394
660
819
294
416
936
693
64
908
103
720
855
295
759
402
39
514
856
667
362
392
1055
411
888
344
488
419
385
503
236
445
209
869
195
267
262
1051
788
960
961
214
500
528
584
383
1065
439
227
377
390
1040
502
