448
972
679
251
1061
591
511
355
313
421
736
632
990
1027
11
205
999
418
873
1050
826
392
548
435
604
586
673
597
523
858
279
65
735
537
926
777
502
941
719
967
692
669
269
312
547
922
439
935
436
10
1013
277
300
880
741
579
168
31
1006
442
270
105
1012
480
927
921
1030
509
324
1002
664
275
687
902
940
417
460
481
223
836
659
557
814
605
368
174
437
829
655
950
479
1070
576
1054
553
494
212
792
302
244
925
796
856
430
365
1003
419
465
181
30
755
716
103
520
374
855
536
161
444
654
887
331
868
752
783
1009
122
165
847
340
898
913
929
1023
916
1062
267
458
804
323
402
307
861
558
819
607
382
740
965
645
62
299
661
43
343
646
111
1011
653
577
178
498
513
288
39
9
298
589
431
146
149
260
286
892
339
924
895
753
701
628
564
296
793
575
328
685
545
769
189
63
249
627
909
1065
48
805
943
319
1047
592
45
993
73
771
809
213
388
376
91
459
85
118
310
468
743
285
467
259
734
746
147
338
526
499
696
853
891
540
132
470
214
816
282
787
306
396
507
78
1055
413
51
472
704
539
140
684
698
973
72
782
215
620
379
878
69
662
739
67
316
760
778
169
49
203
980
242
1034
60
344
744
899
955
317
397
59
728
225
1069
682
321
850
996
730
32
235
110
957
598
327
142
527
839
134
624
424
638
715
712
391
583
20
284
593
824
1060
588
151
1021
484
24
954
908
220
875
309
663
93
477
16
969
979
1016
845
912
227
192
1036
54
18
272
800
780
432
794
487
725
822
222
490
602
773
968
1071
552
838
748
464
375
862
7
567
1072
937
276
570
115
184
5
860
729
239
491
613
723
77
94
125
170
844
123
156
691
896
915
1051
434
897
994
364
960
234
291
41
599
148
837
373
371
1025
383
727
218
722
335
229
500
266
124
503
615
150
322
812
46
1008
133
779
171
341
188
154
949
1073
159
803
966
877
823
1018
1059
565
28
292
758
854
1057
942
657
549
250
709
775
750
201
209
504
978
528
535
606
1
415
361
556
842
104
551
80
19
116
694
1075
230
456
981
233
471
595
452
450
395
107
278
1045
677
451
616
738
533
710
357
121
827
55
461
702
352
563
0
44
25
1014
173
991
186
166
70
232
414
754
337
27
532
329
671
622
517
751
703
961
522
131
982
81
717
180
1010
700
515
254
890
12
301
668
833
817
196
400
971
864
656
893
175
529
66
454
546
164
708
815
378
785
919
781
1007
202
767
521
830
