594
663
503
932
961
104
99
349
696
57
160
643
973
513
598
504
537
331
613
145
238
18
750
626
257
587
685
170
669
258
913
915
564
507
1061
1021
278
91
264
658
904
840
266
1016
216
74
243
934
807
602
1065
625
541
1051
960
536
279
787
417
454
845
947
780
195
694
495
687
552
884
344
708
1009
20
385
476
819
463
810
224
763
1012
509
627
683
786
435
577
408
229
828
738
562
334
152
500
715
880
817
402
891
27
246
549
640
977
641
957
589
1070
1059
927
679
614
872
337
876
526
66
758
140
118
406
105
534
730
64
953
42
560
1056
299
925
499
405
967
604
455
323
798
689
514
10
508
33
558
956
85
684
2
383
816
282
727
464
805
935
1031
155
1045
693
905
25
283
755
474
581
1052
702
29
975
675
969
167
339
135
380
115
863
285
525
838
326
478
895
609
146
556
575
1075
970
401
98
502
844
621
529
100
367
206
629
939
116
964
707
379
108
752
735
941
670
737
865
391
221
635
14
789
205
946
178
19
126
335
576
427
717
173
832
1007
771
796
527
174
704
618
672
462
656
203
732
511
314
1019
290
389
659
404
414
691
340
772
548
681
720
519
586
563
989
81
1022
756
347
794
207
741
122
475
825
1013
783
330
267
875
291
275
446
631
265
425
387
993
103
295
907
78
90
870
271
80
518
733
612
851
397
566
600
59
65
342
695
52
664
332
561
829
448
293
980
918
678
1003
883
151
109
806
1008
79
1020
300
132
47
336
790
