190
308
209
109
280
320
473
161
133
42
356
30
189
17
298
421
403
322
154
248
360
142
263
196
28
180
188
272
64
386
476
234
377
354
366
144
0
310
261
398
349
336
121
266
151
314
328
221
323
47
380
191
227
287
335
267
68
255
295
175
259
244
176
417
139
36
337
59
208
97
35
27
477
384
23
301
499
289
299
138
218
353
291
450
426
346
166
350
143
256
391
212
325
361
431
428
214
106
129
441
448
134
201
12
457
302
213
363
382
307
286
442
14
264
464
269
293
460
268
65
122
365
225
469
136
61
163
390
38
89
357
294
432
282
433
159
164
84
496
24
455
126
489
18
140
327
379
359
418
243
