57
257
209
456
308
130
377
251
201
481
164
364
488
338
35
279
99
353
341
123
460
56
435
254
370
408
356
285
102
68
180
132
194
474
439
97
141
411
437
275
260
360
195
359
217
250
346
328
445
287
258
317
86
276
148
152
477
491
153
197
59
365
263
399
421
303
369
199
78
327
469
214
368
200
103
181
4
33
129
269
345
462
261
306
405
485
75
283
92
284
11
299
72
193
100
467
315
262
478
159
271
106
107
351
234
496
5
137
187
211
442
484
205
212
463
14
475
79
51
61
329
184
246
154
218
241
65
366
367
145
298
326
93
149
371
90
470
239
410
395
313
30
117
157
483
9
431
41
173
243
160
380
426
12
52
131
312
13
320
125
479
17
333
461
73
91
375
223
448
291
238
427
397
115
94
109
383
325
343
58
297
221
348
381
104
220
350
27
336
139
140
323
304
344
179
38
174
50
15
36
459
444
363
385
114
112
324
202
423
465
24
472
272
143
144
111
330
162
487
310
110
40
396
316
82
418
384
451
105
10
457
256
172
452
192
402
450
126
228
120
361
237
232
242
357
150
390
378
215
183
188
440
248
26
134
358
203
301
294
422
236
464
267
473
151
155
37
25
322
438
416
255
489
161
447
391
71
191
309
376
482
274
295
43
227
177
434
433
70
415
69
166
216
198
352
22
85
167
347
321
53
296
119
96
247
417
158
432
84
292
185
253
88
492
454
400
108
163
45
118
7
136
401
374
331
264
176
340
494
425
428
124
189
55
210
392
169
339
455
204
133
49
273
46
446
495
453
178
83
458
244
398
207
387
116
127
190
412
235
270
373
278
362
286
499
282
226
307
281
34
87
441
290
64
165
372
20
175
249
318
21
113
332
335
81
206
222
39
121
468
28
42
311
289
403
98
355
240
171
23
406
414
429
300
424
147
476
389
393
490
252
186
138
409
44
168
382
170
54
319
342
3
224
142
443
76
268
101
233
146
314
288
449
1
2
6
16
293
63
480
388
77
95
498
265
66
493
302
135
334
266
497
60
280
419
48
19
229
436
196
219
74
466
379
80
122
230
62
471
89
420
0
337
413
32
386
354
231
47
404
213
245
29
225
349
208
18
259
394
31
430
407
486
67
305
156
8
182
277
128
