760
642
1005
541
1053
152
226
123
1067
64
723
813
60
755
35
891
406
0
51
779
97
685
786
247
554
977
517
1026
536
36
71
250
442
134
806
280
907
979
590
1040
495
362
434
489
757
474
372
872
103
289
680
503
273
940
1048
657
795
496
532
437
326
360
306
32
287
21
269
42
24
424
595
768
451
678
473
669
1047
92
634
912
620
540
164
744
100
567
109
395
944
241
926
694
150
577
644
101
798
1052
44
430
857
708
608
432
469
251
77
472
1012
55
1041
1007
877
407
110
1045
864
592
237
255
122
613
91
108
954
163
551
862
564
578
527
873
565
787
343
777
204
602
1013
966
633
970
29
791
524
997
78
1021
392
737
938
843
188
375
803
992
963
315
745
380
658
