352
63
179
88
368
307
240
301
166
412
384
10
28
469
288
379
314
170
317
313
181
174
188
13
16
380
58
498
152
388
349
415
472
405
329
253
227
421
82
277
351
92
120
447
419
411
234
439
189
87
158
330
241
485
495
38
183
371
68
305
104
336
433
499
294
199
160
338
365
358
492
194
203
458
487
279
12
216
119
259
272
483
106
270
480
456
72
129
96
282
131
427
79
470
334
347
266
40
228
74
343
256
316
76
84
139
406
283
361
344
115
51
205
244
375
418
404
24
320
145
350
453
242
354
62
121
260
291
146
359
137
109
204
373
154
271
71
196
81
118
91
391
61
103
190
23
43
408
224
44
396
36
346
238
159
267
2
479
30
400
302
246
308
281
249
455
213
8
452
445
136
33
257
309
59
233
468
369
93
357
289
474
311
225
110
332
80
490
437
100
372
212
27
269
389
471
454
162
172
112
459
460
467
416
399
47
363
481
3
39
275
0
141
218
122
449
239
54
73
124
394
236
95
355
202
144
52
48
173
226
446
364
138
215
312
461
201
130
209
200
367
323
222
83
285
448
293
410
353
243
11
335
462
26
318
99
85
280
392
75
274
70
235
21
378
489
328
356
304
491
444
66
7
258
348
168
324
151
263
429
125
278
435
148
34
217
140
32
20
197
268
273
4
327
211
60
191
296
295
14
192
450
284
94
383
64
207
382
78
90
67
420
127
494
219
57
432
237
342
387
457
231
398
22
123
402
466
55
169
251
143
464
229
339
374
286
315
409
89
390
56
326
6
321
220
193
478
322
440
101
102
180
198
403
37
25
300
345
488
230
261
69
476
386
142
484
422
164
465
441
86
41
165
171
340
42
105
299
77
223
50
133
393
310
18
167
497
424
431
157
265
341
248
276
232
292
395
264
45
97
366
385
98
150
414
407
128
426
161
176
401
303
245
370
155
195
362
153
306
376
31
247
177
187
221
443
65
147
319
463
1
287
156
381
477
208
473
290
19
434
117
333
250
262
175
135
297
186
475
15
451
486
113
417
438
252
413
377
360
214
108
126
442
29
184
255
331
423
325
482
116
397
254
210
17
428
49
107
298
178
337
114
182
430
132
425
111
9
163
53
496
46
185
206
35
5
493
134
436
149
