289
12
485
87
284
148
467
406
409
209
317
298
142
459
77
168
55
224
445
483
83
283
448
154
151
80
460
405
237
281
330
8
93
402
47
5
128
71
426
278
20
238
102
386
233
296
353
203
202
422
417
354
90
454
112
481
270
104
253
160
164
170
46
53
477
356
138
44
195
192
432
36
327
137
439
95
325
495
101
228
97
398
204
64
72
392
326
218
144
338
401
344
51
282
350
251
223
217
378
126
227
492
200
340
421
292
65
10
308
0
122
94
496
100
230
49
196
271
295
70
214
484
29
352
89
1
235
395
3
257
413
452
116
146
248
208
286
221
430
240
267
456
259
444
63
469
35
45
79
370
375
139
288
425
446
489
256
249
394
177
360
480
285
166
280
379
169
279
331
40
294
155
416
333
348
474
429
374
98
277
468
57
324
451
130
123
246
117
149
250
364
380
134
162
332
302
120
377
453
91
34
18
39
110
150
273
127
358
241
349
470
366
486
385
66
438
306
234
191
15
347
62
145
17
488
372
341
318
319
447
136
124
320
219
290
173
322
365
159
158
472
107
229
42
180
443
466
300
264
182
