796
920
366
285
407
337
827
1012
702
4
13
252
438
932
600
887
965
983
1010
433
924
769
591
126
46
618
612
290
58
374
945
873
173
180
1070
700
737
762
1002
480
863
739
412
797
476
162
880
788
334
100
649
293
525
576
487
523
741
87
168
546
506
419
785
426
783
354
64
389
979
1073
881
297
507
729
735
815
108
152
563
181
598
267
1076
1020
122
318
388
519
1019
445
898
558
660
626
876
1060
218
61
178
428
553
670
996
296
309
713
754
1001
344
638
464
31
1015
505
568
15
231
825
223
303
93
892
830
498
216
485
811
917
408
278
566
207
683
222
1048
99
342
236
1000
79
322
273
682
357
747
812
620
242
845
596
1039
336
822
813
1069
280
998
411
851
672
159
931
704
90
63
474
703
993
733
35
937
509
668
420
300
646
511
1044
547
144
642
251
363
148
414
878
427
530
289
633
104
3
832
259
709
398
544
817
327
83
432
529
564
260
681
982
835
1038
117
330
396
486
841
955
867
514
211
272
233
869
103
656
775
858
680
129
720
877
350
770
801
540
147
150
404
637
413
602
1035
641
792
331
691
60
950
750
305
446
615
107
1066
589
279
340
36
121
241
97
594
784
574
538
746
1022
857
1021
71
603
550
161
923
548
82
967
823
57
944
756
605
448
213
912
725
424
780
5
317
653
562
849
1072
694
23
972
593
1067
444
595
957
765
643
724
351
971
320
284
189
516
477
617
370
935
534
80
730
556
316
304
73
119
375
496
559
217
312
276
1063
227
518
759
893
587
190
773
865
1009
238
1075
1065
810
651
402
308
508
776
253
269
850
583
799
597
843
831
484
10
125
52
969
14
301
984
376
258
745
47
115
28
573
854
203
421
856
457
606
828
48
1027
711
635
512
839
76
141
727
264
666
997
948
786
459
204
1053
183
824
899
695
434
798
667
401
214
661
766
665
89
962
1029
861
535
837
986
495
840
75
836
138
925
919
888
271
989
501
429
809
49
627
860
885
84
764
1032
224
539
240
528
504
295
29
650
909
999
116
306
740
802
53
818
930
607
526
900
246
963
441
353
68
718
933
707
437
675
503
743
202
779
469
1013
455
531
140
2
994
123
133
165
758
393
580
451
1055
1061
571
522
21
359
210
852
692
378
542
905
70
771
263
157
921
557
604
18
463
274
791
790
941
324
482
987
442
698
644
78
1052
491
981
394
467
601
716
118
1033
738
91
454
92
154
149
299
805
787
81
281
1071
37
453
943
54
767
128
622
298
934
232
440
995
215
1004
199
960
0
288
191
560
803
1006
209
1030
715
976
992
946
1005
882
723
369
807
94
717
1043
1017
106
814
62
349
674
319
287
417
524
410
139
367
561
478
65
1058
160
250
55
392
848
565
96
371
697
230
262
647
391
270
219
853
466
381
332
195
112
520
624
114
265
439
554
753
109
760
734
244
821
282
804
153
335
947
577
1062
913
866
341
145
471
884
314
493
970
85
8
11
630
567
590
1
268
942
19
1051
690
30
175
847
678
72
1059
146
842
1046
329
194
470
137
167
443
768
795
761
158
663
517
12
820
896
679
235
705
212
623
22
1007
101
135
364
17
155
579
772
44
356
578
1050
915
581
88
901
966
229
1068
41
39
185
657
403
205
871
614
742
156
399
543
619
431
481
66
352
706
1003
256
954
343
774
26
237
669
362
1011
418
95
315
1018
348
310
6
883
778
833
460
465
292
170
174
914
415
291
592
610
179
897
677
1045
286
846
874
639
732
283
575
1041
671
726
169
816
673
956
527
492
1026
172
468
323
1064
953
120
808
382
221
33
980
585
513
532
903
387
721
277
475
1016
188
436
789
985
551
958
710
243
918
632
922
472
409
588
127
1031
1014
449
275
777
328
134
200
110
