407
273
134
126
492
165
62
366
246
486
428
391
408
19
294
429
10
146
444
276
259
203
397
332
124
223
77
365
342
99
183
242
238
403
341
339
161
261
230
142
401
386
137
217
252
122
411
390
437
216
46
117
36
132
455
204
95
481
404
433
335
337
33
30
214
354
154
105
144
351
153
410
295
201
106
495
59
221
266
69
133
123
231
194
396
25
293
72
202
29
278
9
472
488
380
110
313
463
68
155
476
451
270
189
348
377
55
285
191
464
269
90
193
432
271
375
301
255
179
150
309
487
362
17
109
275
247
20
417
296
300
315
409
101
465
258
480
16
376
282
467
475
281
26
14
172
170
251
363
265
89
267
498
100
167
108
178
427
447
303
371
49
3
113
98
483
280
448
413
241
24
388
120
111
212
445
283
11
164
334
82
369
229
215
426
5
7
394
338
32
350
473
343
288
459
166
139
207
75
345
264
364
190
87
84
489
92
302
135
286
317
169
454
406
198
222
125
373
402
233
38
287
387
453
450
65
435
104
138
383
372
130
188
253
51
479
494
45
490
107
452
58
319
160
457
40
228
141
256
370
384
102
157
284
151
361
182
131
147
210
177
497
60
243
181
385
97
333
239
129
44
347
323
355
439
119
39
279
381
149
244
115
277
398
27
460
412
419
305
493
171
56
73
232
389
54
356
405
143
312
260
76
471
93
185
346
484
83
458
128
175
440
53
186
196
41
21
66
326
421
443
31
218
70
42
415
43
434
158
22
234
116
328
127
469
71
477
145
378
299
307
211
114
195
249
15
88
357
374
478
96
224
358
81
74
0
382
206
236
321
330
329
184
209
306
37
353
79
420
6
456
67
462
52
324
