331
319
174
371
253
161
323
464
49
234
443
386
35
416
136
8
259
360
293
150
60
42
104
373
411
46
306
337
294
48
249
396
229
198
146
353
252
499
361
404
481
379
86
318
423
157
309
96
217
393
308
343
113
355
34
24
428
112
111
330
433
297
434
347
288
179
469
240
218
272
54
246
366
255
473
299
59
56
1
189
55
489
110
359
15
222
480
463
40
377
51
289
134
312
370
17
203
439
131
417
430
239
29
270
212
28
44
307
280
183
333
47
75
155
320
298
193
67
363
21
31
141
216
33
32
65
19
50
58
9
262
271
251
167
407
200
435
137
116
244
175
164
484
258
169
321
231
494
300
98
154
357
354
274
402
497
243
472
192
170
290
488
326
449
53
207
415
242
45
420
247
336
223
429
466
83
89
313
187
426
385
190
68
80
93
128
409
152
210
257
292
452
227
90
421
6
468
282
36
4
453
412
126
406
61
327
459
195
196
101
395
129
461
241
362
121
388
220
375
173
38
324
118
432
378
95
127
168
77
132
221
284
213
471
171
120
446
392
387
69
191
79
475
332
490
405
172
18
12
140
202
440
82
197
233
341
335
261
119
138
260
180
115
185
389
436
397
122
365
148
238
2
176
438
328
474
384
5
236
419
301
398
70
264
431
232
358
457
322
124
460
315
99
16
206
177
403
348
441
277
139
91
226
149
372
339
492
102
7
153
100
106
39
188
425
458
381
30
275
145
125
147
225
269
215
62
479
87
228
182
287
444
424
352
43
166
160
483
414
476
344
310
478
256
276
296
304
85
349
165
283
391
204
158
194
491
105
142
467
286
263
345
214
254
97
37
447
338
199
114
88
103
162
74
303
380
413
211
186
442
52
376
230
3
66
477
350
408
334
448
351
143
130
399
20
245
235
278
400
94
22
485
163
135
117
248
109
465
25
205
482
356
329
291
394
123
317
57
305
451
268
314
10
76
107
401
346
151
486
495
13
73
181
316
23
418
450
454
266
11
237
496
325
159
369
209
84
427
63
311
493
72
26
92
64
382
422
390
41
78
281
462
455
201
0
470
295
367
374
208
368
178
342
14
364
27
224
219
81
279
302
71
445
156
498
487
456
273
265
184
410
133
144
437
285
267
108
340
250
383
