336
192
40
308
318
249
480
177
175
439
78
344
377
282
430
42
388
33
337
214
277
102
463
374
154
65
360
84
403
164
148
208
288
111
104
293
5
15
378
425
362
38
251
195
441
160
143
166
275
478
139
266
310
221
68
329
365
447
330
475
469
375
23
479
44
77
35
70
370
126
163
2
466
445
384
395
327
481
98
411
152
213
467
313
303
170
125
446
291
239
216
9
32
96
343
269
262
69
60
174
222
300
433
484
412
298
391
199
182
62
56
66
135
244
225
426
400
49
13
405
134
149
314
55
322
110
357
127
25
73
212
363
200
234
54
287
332
64
201
270
272
428
389
413
494
442
372
278
461
105
