492
110
15
131
359
254
375
460
1
58
408
244
90
491
227
462
130
399
33
0
163
236
381
402
326
175
169
331
309
239
35
67
444
51
160
283
299
463
450
457
364
193
234
456
34
14
298
483
479
485
96
461
145
49
81
494
427
452
363
429
5
317
366
77
269
203
155
414
481
64
465
143
105
21
223
384
405
267
270
176
420
302
103
142
45
42
107
126
392
54
249
327
280
478
24
489
224
477
89
55
251
285
471
12
52
328
255
404
213
178
123
233
394
390
423
289
192
428
371
50
65
256
17
332
134
293
378
152
382
209
189
403
422
401
395
290
172
387
116
166
99
151
482
412
268
150
170
129
262
25
