671
817
331
469
733
807
8
840
249
134
112
398
182
809
585
572
588
45
32
81
947
1005
90
795
14
1018
169
992
47
919
453
991
100
1058
648
1077
96
877
313
378
99
958
975
985
732
370
659
723
225
85
212
790
361
814
324
856
925
456
20
573
183
480
912
694
66
753
390
759
828
12
656
145
587
527
250
49
40
794
852
863
720
892
21
181
983
201
712
118
53
902
1014
651
309
845
530
879
581
708
228
408
67
963
385
1011
896
422
962
792
308
365
653
248
1049
483
273
517
890
956
357
990
139
837
300
699
739
44
609
243
285
713
884
1006
156
911
869
405
830
891
329
70
86
487
940
335
700
927
829
349
676
591
128
43
870
102
109
505
799
784
345
79
776
