163
52
398
240
4
50
473
258
12
188
214
81
299
127
182
392
126
371
112
232
161
216
449
487
44
400
387
451
147
106
199
91
433
201
311
263
111
132
39
443
11
20
346
8
103
453
496
413
408
120
444
154
277
330
458
331
261
323
309
285
483
446
43
431
456
228
271
166
372
469
395
3
87
377
19
192
176
98
436
202
357
89
403
150
373
284
198
383
333
249
435
296
18
281
325
260
206
51
437
84
336
105
389
148
27
138
178
61
454
466
179
361
351
6
481
146
475
67
144
298
204
275
267
486
464
167
246
288
177
355
273
193
239
287
229
209
187
142
430
293
221
16
329
495
315
381
220
321
308
427
200
241
137
128
337
108
169
168
482
250
375
40
155
113
370
71
242
159
151
295
5
324
104
342
276
46
59
317
490
217
497
149
255
205
183
402
72
292
196
251
160
419
368
194
203
48
7
264
386
319
235
378
130
69
280
498
397
369
17
224
135
282
14
447
165
259
82
114
348
445
34
100
304
350
322
207
170
181
474
257
362
290
438
131
429
278
118
171
307
416
38
215
366
297
347
476
303
141
143
376
