982
1039
452
986
123
189
1010
559
44
411
157
441
130
366
392
249
252
534
485
75
1018
125
472
482
1075
772
917
687
181
132
1013
279
318
743
78
1058
953
200
832
546
388
486
881
1063
391
806
541
918
116
277
428
521
868
711
857
867
1048
578
395
221
956
1047
620
101
188
706
67
888
622
747
818
921
878
237
876
911
406
739
742
913
49
837
595
133
262
580
776
495
645
66
402
140
539
465
606
378
1068
238
335
780
527
169
574
631
143
348
649
900
786
674
216
60
985
557
261
14
735
17
1040
814
404
789
498
748
105
810
417
647
750
712
794
581
1016
627
479
21
686
999
446
334
305
112
136
682
646
694
926
209
990
493
1037
600
989
215
456
131
399
474
666
708
360
88
820
451
362
746
59
461
265
852
350
854
590
971
835
553
1038
145
18
102
1002
120
193
995
355
529
284
680
412
313
584
1041
1076
92
641
855
1026
872
416
258
289
370
450
214
983
632
63
418
874
368
439
227
598
697
561
141
195
558
787
1025
24
838
623
281
689
882
337
298
828
610
500
336
582
51
55
197
201
43
973
165
296
397
151
340
639
579
732
361
607
407
573
302
398
827
908
770
671
625
601
880
353
783
86
526
920
1003
718
685
617
13
793
492
230
33
100
782
945
508
974
964
662
1004
248
972
282
575
676
673
884
502
42
650
224
373
39
161
163
72
1046
1072
931
681
329
241
470
23
763
944
175
150
994
634
824
767
29
379
219
1022
825
568
798
293
511
76
679
797
218
839
749
785
709
515
225
330
703
342
288
892
259
1
616
1027
316
567
850
436
73
207
1020
941
138
19
862
510
243
5
514
321
669
80
20
946
245
754
71
480
499
1064
159
815
496
231
234
4
468
523
232
274
626
1015
173
327
670
22
883
56
664
871
661
199
509
752
410
769
1012
538
149
307
106
658
466
923
89
382
420
365
117
103
206
947
87
551
629
784
932
533
734
643
83
164
524
414
477
7
158
447
464
1000
497
977
351
714
978
196
153
885
958
257
753
642
1005
542
1051
949
1017
713
38
548
675
745
98
1043
759
1053
339
484
507
118
178
387
25
717
602
928
856
655
791
843
1056
312
308
728
310
270
912
27
156
656
934
473
951
848
528
980
935
111
1001
202
401
155
52
858
208
349
804
467
469
179
979
303
494
954
710
902
320
532
147
591
624
897
228
442
36
583
490
2
758
729
757
996
566
264
394
644
826
240
69
107
690
950
272
716
535
652
959
618
41
833
53
939
849
244
723
61
437
1077
489
909
1036
93
1071
699
799
720
471
890
139
992
148
283
961
870
286
726
633
433
341
719
563
936
817
596
445
1028
790
267
894
922
454
611
415
621
357
432
701
638
779
653
1066
513
273
572
800
555
198
914
809
738
37
171
1073
440
367
938
756
9
731
458
962
544
877
512
478
421
455
777
604
899
537
99
435
1011
554
427
292
608
775
556
326
811
481
764
127
363
170
304
903
182
54
1045
114
430
614
1021
34
90
976
796
547
256
660
183
438
933
987
1023
11
1074
993
236
247
65
377
449
16
108
57
400
246
475
525
1065
609
374
940
640
865
372
842
829
599
879
760
1007
677
577
359
294
896
724
146
506
423
802
684
250
891
299
12
1060
212
371
426
358
991
691
166
1032
109
823
869
668
927
205
831
266
30
730
287
665
380
295
1044
693
830
893
822
328
1069
736
960
740
74
483
176
863
10
774
376
552
81
910
692
177
803
0
354
311
180
768
505
586
919
3
771
124
564
263
453
722
975
683
275
597
135
969
413
635
409
834
937
425
744
1024
134
122
1034
46
172
866
110
242
942
816
587
727
501
223
344
369
276
278
952
128
396
82
773
895
588
487
948
251
291
95
861
970
864
233
