27
250
475
179
350
414
436
229
398
448
461
455
165
216
256
345
411
230
5
416
262
61
288
331
484
169
94
142
63
247
232
384
367
487
120
25
18
347
138
192
123
150
20
372
246
287
208
243
379
68
156
471
270
494
239
8
73
440
244
146
133
268
69
220
464
127
454
180
126
358
344
409
124
261
178
1
83
489
129
125
355
305
186
291
474
277
2
472
224
59
343
141
368
24
458
371
337
306
364
431
303
114
325
200
476
86
360
42
198
361
89
84
338
356
189
446
450
153
161
407
285
187
442
444
75
332
34
293
217
105
81
321
112
297
429
128
166
495
283
463
173
438
13
308
31
140
452
218
373
390
