653
785
402
305
48
597
167
533
512
388
36
332
999
505
788
197
501
818
112
560
7
650
514
704
132
1027
986
874
500
128
373
565
270
652
376
587
1007
16
56
975
223
168
896
379
150
32
595
293
1016
179
841
245
964
947
993
436
369
52
516
829
51
637
555
701
45
596
201
129
815
585
1067
985
750
931
1037
65
257
1015
592
989
401
1044
777
719
0
217
263
942
273
1013
243
406
792
892
261
1063
670
287
190
177
495
760
194
694
1062
763
142
1012
156
966
413
599
962
91
881
1004
250
872
568
626
325
710
749
939
781
138
371
159
802
1036
632
298
55
130
588
476
754
92
405
934
33
1028
69
1053
615
362
902
31
736
471
996
487
1011
557
656
396
878
567
458
847
499
