887
1002
546
992
1037
520
375
679
80
983
37
303
890
26
822
154
117
918
365
923
321
348
854
128
730
939
359
824
444
29
145
1077
312
149
800
267
146
891
623
610
566
467
176
43
402
817
446
1057
95
683
622
72
13
847
341
85
230
302
648
736
493
742
607
342
254
276
1001
581
867
744
1023
239
772
113
516
665
947
255
1045
799
605
563
1033
783
454
106
1060
477
173
199
977
170
75
1026
726
470
645
304
69
899
135
632
57
866
112
334
699
543
542
497
201
920
960
148
973
677
93
103
164
266
958
1055
204
495
430
487
175
1
831
668
900
559
626
527
1066
174
876
718
394
889
642
763
749
361
82
798
263
386
207
932
167
141
514
84
672
422
880
243
686
1019
675
