146
120
57
267
400
225
13
216
244
463
339
17
164
95
431
100
291
143
327
240
44
145
363
449
278
402
362
153
207
93
197
5
432
202
227
151
144
487
282
314
224
205
399
96
470
48
128
313
201
138
250
307
341
326
126
286
109
54
392
136
163
488
443
459
295
67
315
473
426
265
437
331
149
364
451
162
209
155
412
385
188
215
368
98
70
4
49
290
35
352
88
351
334
299
325
261
408
158
497
41
301
238
454
357
353
253
180
30
196
246
14
181
142
483
344
396
156
165
369
498
413
42
486
403
476
84
102
320
195
350
69
239
365
174
404
489
389
218
480
456
411
124
125
228
292
52
322
343
440
374
