440
259
394
43
3
375
140
462
482
81
228
188
273
89
335
202
290
13
443
179
347
266
223
148
349
24
121
363
115
183
243
316
153
31
215
113
332
401
343
252
226
445
156
169
197
118
44
56
78
434
245
61
193
76
330
211
372
370
413
420
255
138
106
20
167
397
232
351
377
484
166
258
119
480
388
75
192
50
235
17
492
185
51
449
60
426
269
170
406
64
224
263
203
126
227
101
458
229
19
225
391
149
147
141
219
348
326
189
139
437
158
450
41
110
97
353
137
352
488
150
264
172
132
155
199
489
392
174
186
461
209
384
385
476
94
2
85
427
122
120
165
291
127
114
230
159
72
399
207
369
