299
227
327
147
343
164
120
154
143
149
220
248
122
453
314
368
181
26
42
115
353
415
396
212
142
5
157
381
216
255
498
250
171
29
288
351
69
100
491
1
483
355
104
56
200
64
393
180
258
52
168
286
488
60
315
15
173
61
58
405
398
400
378
455
495
474
38
185
161
125
34
434
35
211
46
336
403
301
260
480
344
77
22
99
3
11
487
81
208
435
40
270
159
459
456
196
346
130
287
8
266
308
193
202
204
337
446
254
50
417
426
49
197
83
329
251
128
101
300
320
12
340
293
406
129
416
302
470
88
41
454
397
203
357
182
264
319
189
253
138
494
438
90
84
383
113
155
152
234
198
