527
979
317
833
226
543
821
693
133
1040
574
147
633
775
598
89
1029
447
525
739
647
759
71
108
476
541
919
901
247
907
2
591
913
723
923
945
401
244
995
151
506
37
467
978
1020
1046
531
438
778
20
334
508
714
313
731
694
296
801
442
150
658
11
900
958
796
1033
746
416
507
587
26
1059
243
715
724
631
58
516
789
639
520
934
102
918
323
250
514
1077
497
252
265
113
1045
259
863
422
649
828
487
656
654
360
214
54
547
311
24
164
184
154
682
583
207
728
206
556
246
445
358
281
494
937
466
874
706
56
413
141
596
90
670
738
219
290
762
727
1012
606
489
502
32
279
753
563
407
653
883
298
39
804
314
242
847
888
961
222
617
605
892
812
703
294
1035
267
1030
181
895
1004
734
155
861
96
957
143
1018
55
453
491
690
99
183
505
83
182
68
791
628
423
575
579
17
224
410
935
215
972
793
1047
257
1017
57
134
208
652
205
70
604
275
701
217
100
997
800
1011
53
889
743
456
340
890
264
236
643
452
376
139
171
156
248
744
6
688
797
148
1009
245
356
404
170
287
687
454
871
1072
478
644
504
657
593
103
1014
562
868
977
893
79
199
949
851
765
536
922
463
434
740
500
175
660
984
122
528
260
894
910
351
878
858
944
1026
464
50
844
1073
736
849
145
51
276
623
551
262
684
75
180
749
201
18
996
484
962
130
337
624
94
326
865
1
1003
439
1024
385
25
414
975
272
238
831
41
232
78
459
377
936
