457
303
22
247
275
279
93
415
58
137
281
401
344
249
254
374
82
196
152
125
371
65
67
423
351
10
181
212
442
185
398
402
283
126
59
306
476
394
264
270
202
119
431
46
436
112
297
478
133
499
69
229
50
143
448
151
409
236
248
386
381
492
113
378
135
274
204
128
341
477
485
217
95
224
361
438
103
52
226
253
399
484
465
75
451
132
29
149
206
301
272
276
79
98
160
407
114
17
182
491
326
256
233
130
444
6
354
278
140
387
298
435
83
317
228
12
53
411
321
286
390
63
329
433
323
335
359
392
122
230
68
28
180
490
432
333
115
85
99
259
175
107
158
27
391
427
483
23
71
24
101
86
439
472
375
395
183
443
211
314
138
460
186
190
102
418
421
422
324
262
243
255
449
213
384
9
293
239
471
308
268
452
150
447
165
466
1
187
219
74
241
157
15
111
16
30
497
494
369
184
145
168
164
265
237
136
3
154
280
288
414
267
121
234
76
123
413
285
417
404
313
437
251
430
179
462
220
62
284
463
379
77
445
271
26
299
470
72
287
290
8
170
400
325
84
468
428
209
320
39
142
480
192
307
109
156
458
105
155
153
21
159
461
177
352
54
37
309
358
80
495
189
188
89
208
316
364
429
373
446
370
257
419
353
440
40
36
266
339
292
273
318
393
410
88
216
205
41
493
388
403
49
459
14
106
20
377
434
215
210
347
235
78
469
231
496
420
7
322
171
406
277
199
195
250
486
87
343
408
127
60
473
38
174
200
464
94
340
479
416
225
310
244
258
129
31
367
242
336
337
19
376
43
319
263
366
372
348
34
363
382
222
57
97
100
120
176
141
455
5
90
56
35
487
467
