697
440
83
726
468
585
396
869
626
127
681
661
615
221
1
1026
808
552
691
599
672
165
832
809
799
1064
458
265
367
790
944
384
769
1059
213
732
546
879
292
805
385
1022
264
115
290
313
12
189
413
275
167
982
524
258
222
383
582
1037
533
631
1015
18
715
520
344
682
569
250
673
933
655
921
830
750
329
1075
382
1013
803
584
5
236
397
919
892
178
637
407
172
698
447
103
490
94
814
210
641
4
233
473
424
636
518
86
523
902
376
1032
587
852
964
1071
616
58
711
540
735
848
269
728
674
602
297
303
51
373
113
850
796
304
741
511
889
863
173
212
515
929
861
943
754
827
64
1012
855
81
910
680
301
945
549
404
937
306
25
958
405
714
355
547
785
307
618
1025
117
240
639
459
284
68
319
817
990
137
414
758
159
669
467
77
854
603
493
725
915
932
63
435
670
1011
847
266
363
880
926
446
359
330
268
652
564
734
352
995
534
960
643
419
787
777
778
1009
177
1058
632
483
782
907
793
255
815
648
74
1017
119
317
816
116
393
874
93
225
662
773
321
6
351
101
253
477
829
717
49
323
935
625
97
950
67
370
1046
191
288
310
14
15
308
166
665
267
987
689
709
1049
19
866
23
327
471
154
692
627
496
942
1042
238
192
465
315
551
286
416
939
437
566
895
736
171
112
865
1024
375
504
1028
1062
285
395
368
514
356
326
162
521
537
667
232
91
42
822
302
606
700
568
922
273
175
663
244
598
622
985
849
403
591
39
580
372
755
10
448
158
509
361
613
296
388
160
1054
544
85
917
441
538
572
293
835
768
183
282
70
120
996
197
239
1001
747
890
291
342
1019
151
846
224
558
744
450
420
823
454
110
1018
1056
952
168
346
981
1029
354
422
494
360
973
374
620
633
495
1074
601
230
868
719
925
766
721
345
699
628
455
702
904
894
573
28
61
977
1050
997
464
535
712
200
72
607
434
480
340
646
1036
581
320
908
1061
402
742
426
438
34
492
609
379
913
491
716
642
806
704
1035
1044
853
122
612
324
897
885
659
634
76
891
718
934
283
650
675
833
886
436
635
532
545
84
392
199
1060
800
229
762
914
80
999
99
62
1002
237
759
1000
638
916
896
727
860
903
325
694
983
90
135
109
651
328
469
140
425
87
121
409
188
106
377
1006
463
666
1034
553
498
1063
576
565
693
88
235
71
279
27
608
959
298
594
530
947
16
153
59
1077
765
1016
539
339
597
43
686
353
898
408
254
528
247
256
142
593
748
47
724
776
227
676
656
707
783
295
687
629
845
337
17
46
705
1027
470
1014
560
29
198
132
512
1020
619
201
723
48
0
621
378
789
195
1021
35
600
149
654
555
844
1043
980
967
971
260
453
784
965
840
824
472
421
775
510
974
169
300
920
811
457
204
138
928
380
54
2
294
872
988
102
1030
966
104
956
44
998
60
502
79
174
223
883
1005
96
391
1023
433
791
887
357
679
187
562
930
901
588
876
206
145
418
595
927
820
968
792
412
774
369
364
864
838
871
843
271
979
123
332
940
311
525
194
1045
1004
577
338
517
21
476
554
100
276
1066
644
884
677
733
1010
456
13
984
963
432
203
147
522
695
764
739
180
556
417
690
936
801
32
11
856
579
280
708
53
262
605
671
124
1070
305
185
810
685
217
431
406
415
763
575
3
743
649
767
658
40
779
873
133
1073
410
475
334
722
228
176
624
31
499
52
972
647
798
170
706
957
946
567
429
516
563
905
318
770
220
858
114
818
57
24
839
1007
8
713
45
978
150
190
976
387
501
859
900
428
751
592
193
211
278
343
481
427
365
439
1051
614
786
795
252
802
460
1068
604
878
400
331
349
73
503
69
128
760
141
486
578
136
163
583
251
196
157
