357
56
324
91
174
445
52
403
462
344
431
100
303
18
175
29
278
448
180
440
192
233
485
251
73
367
37
222
404
289
58
416
267
241
134
120
231
384
436
46
351
7
187
464
421
10
265
33
160
446
201
39
370
196
282
212
409
482
53
127
11
286
50
391
4
55
41
452
256
372
59
461
280
456
309
141
406
239
240
300
170
260
2
145
103
400
206
302
118
140
466
277
273
209
225
426
208
32
293
294
347
490
214
197
191
244
449
252
40
459
484
110
215
242
381
254
92
327
259
189
243
438
219
176
0
161
139
47
144
368
299
269
158
202
217
343
345
454
23
163
63
9
447
407
3
131
479
310
87
14
428
307
465
272
133
143
361
195
247
111
412
437
271
356
442
245
418
377
30
186
444
274
261
331
223
458
88
341
385
155
68
188
475
168
78
105
354
38
402
220
250
340
473
429
210
393
478
342
19
463
355
21
226
236
98
483
75
194
27
150
325
398
443
383
171
28
22
81
401
203
95
346
468
200
320
371
178
363
419
216
74
359
221
496
348
292
76
364
97
460
397
159
283
138
417
114
288
154
253
336
