448
24
35
767
599
435
645
644
892
299
1076
823
544
433
1015
730
966
41
694
746
476
945
1027
598
542
410
98
1009
1069
569
51
801
663
996
858
219
1055
1049
378
132
147
141
111
171
664
145
854
1034
677
422
165
503
411
840
117
832
516
936
954
584
679
612
964
401
443
577
100
316
52
63
869
799
50
402
827
73
222
1057
1062
467
685
752
135
1008
181
973
292
690
187
87
932
116
578
199
300
1072
30
417
60
738
283
720
839
718
949
4
600
70
461
926
61
114
555
1071
1020
314
743
160
778
493
293
465
421
158
561
305
915
874
1040
905
894
579
697
1035
610
489
989
499
735
852
782
457
948
611
361
419
1001
603
172
913
180
23
693
439
536
389
946
783
287
346
790
711
532
507
896
438
39
836
865
670
501
967
127
248
824
15
298
994
280
213
808
428
344
732
614
153
413
517
107
500
120
240
374
543
350
572
143
329
478
636
352
879
1032
319
583
942
205
440
850
312
940
625
650
586
416
526
498
787
851
745
179
671
149
755
863
903
20
859
80
860
103
956
807
830
736
952
1023
709
112
1073
183
76
26
212
531
975
1003
855
514
849
522
809
255
184
729
810
639
881
744
1002
1064
27
828
459
436
138
955
1005
190
220
562
130
156
307
953
733
260
128
841
655
981
551
364
243
837
99
356
121
919
993
324
62
920
530
463
588
415
1051
615
431
1047
862
659
430
22
303
207
719
594
1059
987
47
995
676
608
899
200
295
191
385
360
1024
236
308
173
304
731
161
208
950
65
96
545
345
418
944
1067
762
564
1016
540
774
622
724
109
509
90
804
40
820
288
833
198
400
1061
818
574
864
233
336
704
370
29
3
705
520
877
203
524
643
204
74
795
847
658
575
912
961
909
826
689
761
556
93
105
880
1014
866
1013
144
887
843
185
831
218
672
739
496
239
45
282
906
49
396
2
721
450
485
529
519
334
773
769
686
28
163
192
717
182
765
232
388
696
332
580
525
900
12
104
427
425
5
886
7
965
271
682
1033
990
601
494
549
856
369
89
1065
166
68
358
484
829
118
362
251
82
817
477
1022
167
426
921
95
595
740
754
106
558
223
675
1060
585
264
462
777
977
261
695
321
406
706
313
873
613
177
432
394
867
455
550
803
939
77
175
414
868
992
480
927
602
998
372
934
941
748
266
150
982
983
460
284
566
726
1045
688
53
168
553
397
217
276
634
812
56
481
403
1039
472
131
1021
291
249
698
1054
631
780
1025
991
257
54
