191
878
81
594
276
809
372
672
819
108
681
504
978
226
193
356
597
887
1069
969
328
868
713
1029
739
418
688
134
509
8
796
209
890
178
218
883
322
927
367
7
727
575
190
29
543
930
802
646
448
454
824
1023
934
517
330
625
788
1001
52
390
871
919
980
354
248
858
301
389
403
641
138
259
869
905
986
605
26
44
1004
826
224
369
312
246
15
143
487
1076
180
976
434
561
452
84
77
96
916
676
333
787
186
17
909
63
576
911
470
267
76
662
987
217
728
247
216
618
611
103
105
703
148
620
752
200
316
471
781
602
867
1003
998
401
309
574
958
251
75
628
643
844
863
474
383
818
281
414
632
633
1025
127
196
55
583
535
846
717
140
16
1020
112
67
694
435
21
311
145
568
974
239
1006
349
386
790
744
1012
50
53
490
456
357
318
592
608
18
864
445
784
236
47
990
537
637
262
801
187
740
232
622
815
266
65
234
129
258
1058
582
1011
1005
1062
233
791
335
207
1071
345
150
166
797
449
521
33
365
885
122
427
446
100
351
948
170
610
306
488
199
671
14
4
718
214
685
553
300
106
845
424
556
69
896
167
590
917
524
310
756
829
332
876
393
994
252
99
466
397
257
64
780
111
830
49
961
733
542
950
658
528
786
724
363
442
928
192
489
168
552
113
848
630
580
499
547
479
816
587
515
98
102
595
141
635
144
970
80
492
405
308
35
516
211
1064
11
147
1073
185
269
522
907
540
368
914
566
136
121
179
702
433
712
699
319
879
264
371
38
993
1015
412
327
923
61
850
430
361
255
425
464
942
13
478
0
182
962
682
615
1026
669
486
810
840
155
410
162
285
439
293
1030
730
946
741
507
779
413
352
760
404
288
856
472
548
527
991
171
458
109
1031
407
419
708
34
409
175
880
1045
614
283
1021
692
963
508
1043
274
20
36
687
763
640
74
68
995
130
1075
307
402
603
325
426
748
898
925
421
544
835
273
833
395
698
977
546
799
949
670
939
723
513
254
1055
853
814
359
649
774
762
551
705
161
761
729
968
379
382
221
213
525
176
579
805
500
956
378
358
1007
287
617
642
1074
156
1057
661
256
1066
834
1053
663
272
837
137
450
918
497
823
839
483
56
93
1042
249
2
242
700
655
988
531
675
588
933
695
228
870
926
920
906
626
1041
1049
897
299
941
212
960
534
743
777
298
957
936
825
184
861
342
1044
28
294
992
231
160
117
693
644
326
12
1016
391
707
135
296
745
881
680
668
629
621
