632
334
1027
43
920
771
77
355
773
129
766
674
236
365
327
116
382
113
962
343
954
902
842
690
67
471
696
272
817
738
733
747
504
1046
151
794
730
795
277
812
804
915
78
431
6
995
133
628
854
450
282
1071
51
957
110
417
574
846
493
216
993
197
731
985
466
861
533
115
916
15
57
909
122
264
352
61
691
947
273
443
798
22
607
297
200
65
147
587
149
759
1049
973
477
202
825
560
60
713
303
549
56
641
461
558
293
1017
885
602
572
1073
189
926
582
5
921
229
350
18
446
456
131
755
753
488
527
457
470
234
643
884
538
855
413
419
787
611
914
204
966
252
669
183
615
837
564
213
1013
418
100
575
123
870
513
774
802
310
752
305
899
872
992
820
278
1066
208
1041
1052
1045
254
190
223
865
104
1012
349
230
369
807
448
990
925
130
458
686
218
159
1025
708
464
999
491
1072
969
617
251
727
653
666
19
843
13
624
473
1043
519
459
791
728
1
503
41
416
908
1030
125
82
953
556
1064
389
240
28
847
478
583
809
880
253
347
832
336
770
207
91
106
823
534
657
224
35
385
869
601
702
927
879
811
659
126
1054
90
644
50
292
758
1056
979
949
537
1077
325
168
423
785
11
260
1048
1067
9
1005
53
799
3
783
102
952
683
614
476
723
210
1065
1008
1018
576
37
561
429
898
950
474
835
781
687
330
514
263
1003
302
373
375
841
965
980
145
164
422
976
388
521
1035
1022
1040
428
314
32
750
991
434
286
70
187
489
