291
29
178
133
316
263
482
189
448
131
384
301
243
168
393
277
374
125
99
24
412
113
287
62
317
300
417
370
208
421
394
239
278
12
193
106
309
264
484
272
404
494
353
468
390
279
439
323
284
89
232
472
67
3
93
457
462
377
367
174
14
0
258
262
9
283
348
475
307
329
61
268
378
454
28
459
202
337
375
463
203
497
134
76
406
261
188
326
173
132
332
209
478
426
107
379
286
327
386
101
362
56
416
295
163
204
308
237
143
339
17
63
182
77
104
490
219
298
296
169
25
20
360
92
256
64
48
1
96
250
181
225
45
405
190
398
351
46
36
282
461
54
293
197
82
411
401
318
137
340
368
85
345
349
350
433
164
493
78
60
171
235
303
249
117
465
429
259
479
10
23
100
420
176
343
449
38
172
214
486
13
428
440
37
415
57
226
257
409
49
53
499
397
122
187
456
94
109
310
207
19
281
347
485
342
445
395
185
55
356
480
244
139
147
267
34
359
341
142
2
474
148
270
289
52
481
114
223
5
498
183
432
491
319
157
129
41
102
292
120
69
315
455
255
358
35
312
144
152
47
385
372
352
294
146
389
140
210
387
436
419
444
265
65
7
487
126
88
334
306
365
83
97
215
438
357
165
191
288
442
103
248
160
153
407
70
324
30
158
84
95
200
161
321
175
410
18
110
489
274
75
11
354
154
228
443
16
473
305
196
382
431
273
325
111
127
471
58
376
242
73
151
240
42
205
361
450
252
231
72
227
247
271
467
50
453
199
423
91
74
108
413
186
451
414
464
402
476
403
495
221
123
156
496
469
212
198
98
251
33
285
418
322
355
304
408
311
400
128
446
192
328
90
245
22
21
441
280
8
266
180
217
195
121
118
470
87
43
177
437
299
364
145
447
130
224
434
31
80
373
27
430
297
112
399
346
155
39
313
314
159
335
435
166
79
222
211
167
424
336
15
162
371
477
290
66
233
492
4
149
269
253
275
254
44
150
320
331
363
6
105
26
138
425
216
184
241
460
391
276
136
40
344
234
380
396
218
246
116
458
236
229
488
238
201
369
338
452
422
260
86
230
302
32
119
466
213
81
115
59
388
392
483
170
333
206
135
71
220
194
427
381
383
141
124
366
330
51
68
179
