568
644
735
91
399
604
229
422
598
380
707
313
635
1006
1055
786
365
119
941
129
698
874
351
404
603
3
147
1048
1074
771
234
164
97
465
894
18
478
56
279
339
741
222
20
181
90
312
1007
830
999
425
214
950
484
972
310
716
29
217
938
348
328
232
587
493
200
396
794
466
957
377
274
1020
486
19
440
1034
15
242
2
900
578
400
392
766
402
276
368
984
211
146
733
220
510
962
717
538
507
461
362
180
634
367
430
5
301
112
1000
426
980
563
887
192
1060
560
695
706
458
955
72
330
1008
477
169
138
659
905
979
939
545
811
752
411
30
456
901
570
732
343
810
818
949
314
419
831
1015
886
543
1056
943
574
628
651
144
763
285
1052
128
909
1035
808
1019
