485
364
464
852
665
230
545
94
758
837
1006
619
124
4
40
274
336
764
652
169
132
1023
8
281
445
87
871
920
521
904
865
354
569
402
187
535
773
844
209
730
735
751
215
82
61
778
831
893
601
324
694
338
957
122
38
796
347
163
915
765
1062
1028
749
972
1075
227
103
982
693
592
964
27
416
348
993
819
393
640
235
270
260
303
203
629
954
828
943
330
774
175
537
884
1002
404
0
17
245
113
615
582
702
447
705
703
448
501
811
437
228
905
1069
317
210
552
834
510
541
970
801
1042
350
581
874
246
1060
15
1041
337
861
251
28
830
39
62
991
547
406
170
880
420
958
389
326
480
935
850
316
641
165
785
658
156
527
704
314
912
1029
396
206
18
950
776
608
390
839
286
306
200
172
439
249
147
590
863
1012
854
797
984
90
939
243
1027
578
178
1036
767
135
472
73
881
600
1026
696
446
140
946
256
875
645
895
6
928
500
46
394
561
204
181
786
497
1016
418
574
995
591
99
660
663
1067
671
986
814
1034
342
496
65
408
33
621
494
302
701
3
201
59
26
383
304
514
538
717
585
96
878
692
477
513
53
470
761
111
353
763
876
67
897
630
533
177
1066
713
896
894
179
476
415
731
110
594
622
599
755
648
1073
636
430
119
872
75
879
531
588
357
707
849
709
829
469
298
604
184
191
279
311
462
460
597
57
93
395
410
907
373
710
795
612
598
564
971
1007
240
566
14
453
877
473
695
76
956
250
1048
91
211
951
792
130
467
160
525
433
862
97
107
247
1001
125
409
1071
143
64
759
534
95
102
189
1064
475
812
83
78
89
153
579
1077
838
421
927
487
1014
808
546
49
146
84
577
690
482
637
625
294
1054
164
114
50
699
917
741
563
715
790
978
310
560
384
1037
845
196
866
466
718
666
858
634
253
1055
1024
623
419
620
650
771
732
48
242
11
825
486
265
1030
700
434
108
285
745
596
824
1008
1068
35
655
656
333
356
595
664
1053
319
491
836
750
770
948
292
400
16
835
257
41
799
258
781
966
237
614
754
504
519
627
618
1
528
1035
277
34
376
930
112
288
280
593
2
360
372
43
37
900
659
25
142
1058
716
241
902
308
833
334
711
436
275
375
432
626
271
746
379
431
821
443
720
840
827
88
568
631
517
674
677
724
1019
1021
941
910
297
999
273
616
698
296
495
899
960
1010
483
672
888
985
362
1022
1039
924
85
688
407
117
678
1040
1052
805
853
922
69
1003
238
998
515
171
789
987
427
86
315
748
823
908
923
1065
291
975
428
351
613
81
539
603
752
800
51
222
193
199
54
413
405
555
422
712
221
481
101
239
309
397
976
255
942
675
158
734
887
105
554
743
63
269
667
74
784
369
551
321
168
550
136
929
20
1047
565
381
737
182
570
583
542
367
925
424
325
98
832
150
301
607
669
611
747
777
974
380
818
892
739
1009
283
1046
1020
933
804
1050
411
188
425
965
371
969
647
1070
610
502
498
516
733
47
762
377
683
128
66
388
756
479
414
100
549
921
488
118
19
913
775
109
719
657
287
662
856
399
1059
441
944
261
1074
997
478
5
403
1005
882
459
1051
728
331
526
154
183
328
155
234
868
327
290
681
157
953
586
455
864
520
697
1031
668
947
92
575
536
60
341
173
259
129
141
1063
949
30
329
185
474
438
842
855
284
725
80
544
605
205
352
300
423
426
926
229
268
524
757
293
490
465
36
197
267
248
843
826
289
343
195
56
556
79
307
121
955
58
220
511
1013
802
492
7
339
332
670
689
12
208
131
977
312
233
679
798
359
624
166
152
644
295
225
194
766
522
137
323
213
252
980
468
71
278
452
653
903
638
116
633
589
456
661
740
532
1049
768
989
159
1076
192
148
382
