160
102
221
23
52
61
464
40
279
366
332
340
47
51
285
56
137
397
394
204
476
11
291
93
90
403
157
335
345
382
240
441
203
110
314
490
270
426
386
192
43
478
465
252
80
483
183
197
376
444
181
431
299
360
316
209
363
241
333
398
437
158
320
76
72
55
424
324
298
228
88
297
13
154
149
2
229
132
8
357
150
97
226
327
77
344
350
125
78
94
304
416
114
280
42
145
275
182
496
65
250
346
377
69
170
331
309
488
147
7
489
24
310
265
216
328
186
267
242
436
33
169
46
44
225
282
49
31
341
264
387
214
471
321
81
359
148
278
12
108
409
442
15
411
9
117
62
232
468
347
167
438
48
233
420
336
497
281
231
223
41
495
301
224
143
75
474
174
362
325
266
179
475
430
306
155
302
271
463
126
79
215
412
258
480
99
89
4
322
421
399
485
286
337
14
330
101
447
26
293
112
211
50
64
482
38
163
237
120
499
0
189
410
134
196
260
368
66
156
166
253
244
58
451
440
124
491
178
317
34
380
212
121
3
486
422
190
356
86
222
247
67
466
348
273
459
180
100
254
289
