367
343
371
176
452
128
16
185
73
338
486
220
251
457
309
133
152
299
146
427
293
263
435
98
74
466
15
10
260
289
68
119
183
364
311
22
25
100
412
380
271
0
238
201
6
195
443
84
28
36
446
155
397
105
193
4
428
223
107
416
207
328
474
431
430
447
317
381
79
398
191
429
257
376
233
19
357
444
103
334
349
276
9
27
229
49
462
40
297
337
174
351
330
487
403
363
498
117
258
44
237
249
211
344
396
221
370
450
210
394
86
13
120
300
122
322
242
177
157
47
150
232
386
142
51
384
218
12
290
464
114
228
76
336
8
63
448
312
38
89
339
400
456
368
188
470
269
306
132
82
20
161
148
475
383
393
192
424
253
50
102
378
477
60
197
235
33
179
284
292
116
125
442
318
212
467
373
278
329
484
365
472
353
445
496
43
121
273
81
21
281
115
171
14
46
355
453
437
291
387
465
111
42
252
352
91
59
54
67
104
66
96
327
382
409
342
2
294
109
274
315
288
93
165
71
196
158
32
3
70
279
461
481
331
145
226
395
209
215
227
348
301
399
454
78
494
126
296
24
57
366
106
388
156
173
413
405
92
319
490
199
372
187
469
72
350
149
1
243
62
144
95
264
162
266
298
479
459
7
415
83
239
41
64
127
87
11
206
356
360
421
320
123
345
440
335
37
404
451
39
485
194
101
458
433
354
130
230
407
134
108
385
432
488
325
23
272
190
374
65
61
261
346
408
175
90
411
482
495
53
259
80
270
94
441
138
302
170
241
375
77
217
139
147
143
434
154
471
295
166
333
124
455
137
141
341
247
468
182
323
438
321
35
410
499
244
286
418
480
417
406
419
425
491
222
314
224
255
180
268
200
326
358
45
277
205
204
463
140
282
75
55
198
99
347
483
285
420
208
460
401
254
159
118
203
422
216
250
17
85
213
26
313
31
5
392
88
489
267
303
69
246
476
225
436
361
34
332
265
181
287
402
160
304
97
184
236
305
316
423
280
391
231
478
377
389
113
136
112
449
110
129
58
307
390
172
30
163
283
359
214
178
240
414
426
248
153
256
18
473
439
169
29
492
324
234
379
275
164
262
219
189
167
56
308
135
151
493
168
497
52
186
48
131
362
310
245
202
340
369
