170
317
266
309
194
11
487
383
380
423
306
298
456
428
437
365
329
231
79
186
92
50
473
41
176
245
287
402
278
158
260
193
2
284
54
458
183
13
128
303
486
200
498
339
72
150
159
471
385
467
397
438
184
311
464
445
348
46
197
384
6
357
61
465
469
468
320
55
144
321
313
63
264
484
26
404
279
336
446
73
308
390
225
466
459
381
141
434
214
100
161
254
386
251
290
398
17
414
425
110
376
77
76
145
256
99
71
368
87
123
356
119
272
213
291
95
149
228
140
490
137
125
205
175
106
30
345
236
29
360
358
461
267
453
223
118
305
93
209
8
395
19
493
366
330
457
24
450
138
58
111
259
135
328
107
148
201
204
47
270
393
344
4
472
362
40
448
202
492
429
307
337
394
477
331
108
131
482
295
172
285
94
333
407
226
268
143
462
120
489
35
443
299
173
16
221
229
139
101
83
7
224
49
422
474
154
238
239
441
378
14
427
274
483
497
109
302
167
121
379
97
116
342
430
227
51
340
52
406
248
3
82
252
64
275
387
156
327
90
359
88
271
435
180
408
15
410
218
341
495
