126
196
354
345
119
425
57
403
409
93
179
372
392
263
378
491
398
181
64
58
152
219
182
419
289
362
141
159
39
202
332
10
103
257
469
271
338
472
461
168
34
109
1
470
494
78
394
185
404
288
312
314
281
108
2
163
233
480
434
391
370
414
183
186
82
47
422
142
363
308
122
492
60
455
14
161
266
273
353
357
384
241
192
208
62
4
5
360
35
44
76
417
165
407
210
136
358
204
451
456
25
217
310
132
323
356
212
213
304
331
113
123
207
209
399
18
20
56
385
260
230
368
198
172
395
454
63
80
43
205
474
17
65
227
31
69
475
24
138
442
339
437
299
274
432
32
457
149
316
448
423
83
275
26
36
283
195
443
433
111
191
90
293
240
277
458
465
279
366
232
71
180
449
188
28
140
99
246
112
428
106
460
426
438
336
286
100
270
326
319
267
234
174
7
499
459
468
157
248
424
303
295
421
146
116
85
151
92
380
6
184
259
262
258
33
229
309
201
481
67
175
411
224
390
387
79
176
333
361
124
435
388
87
280
125
476
344
415
450
466
95
41
134
439
55
405
53
48
59
114
242
396
373
42
193
486
335
410
473
104
66
254
77
463
216
397
144
307
220
72
231
236
243
347
355
325
115
51
431
211
490
101
471
13
365
37
420
287
413
342
189
440
330
352
377
8
285
22
86
228
162
178
97
446
379
272
252
364
68
340
173
98
250
128
381
139
265
88
496
485
351
453
49
386
129
482
130
133
348
343
284
282
445
190
418
264
12
269
374
61
249
150
337
467
45
244
156
84
306
226
477
298
50
393
40
444
296
96
155
75
328
194
478
278
290
223
3
27
245
21
489
430
29
412
23
