374
466
118
395
70
134
250
414
202
178
87
386
230
271
394
28
197
247
105
283
499
363
273
157
7
398
84
72
97
411
321
441
308
298
78
124
21
295
88
378
50
358
307
141
488
52
92
99
392
393
108
198
325
224
132
188
355
81
270
64
38
287
431
267
434
85
68
465
61
249
348
479
399
369
119
379
487
320
66
151
102
39
58
280
428
128
54
218
310
359
365
447
55
403
425
265
424
451
15
113
303
162
13
467
140
33
206
415
254
22
318
6
145
294
377
125
211
109
255
285
220
101
122
234
182
57
9
106
455
173
297
259
194
152
86
148
289
100
346
361
205
444
457
40
193
301
292
253
460
420
493
343
474
351
372
98
261
368
241
179
53
19
18
456
421
103
449
464
30
20
161
408
412
158
123
339
16
60
278
426
5
79
384
472
376
117
49
432
116
269
91
26
277
31
427
486
126
262
153
244
215
268
264
46
356
276
135
23
337
340
383
130
243
405
402
80
252
144
187
482
44
127
43
293
12
385
312
34
45
199
478
59
216
407
245
304
0
137
352
169
489
471
326
32
159
459
1
237
190
404
342
171
272
305
470
96
263
175
413
133
436
468
94
195
166
129
246
191
210
469
354
375
416
228
336
176
24
82
156
370
341
258
498
389
382
136
327
189
458
147
168
299
71
313
353
75
174
296
229
185
37
251
439
349
330
232
485
42
462
27
302
275
306
380
196
400
443
111
181
47
163
207
290
213
409
131
314
51
430
231
442
90
324
286
77
260
115
445
463
345
401
67
433
73
397
154
422
150
497
373
396
35
74
429
371
406
333
279
257
332
138
184
62
107
8
48
63
56
65
452
142
331
236
256
177
390
167
274
357
344
204
423
309
25
214
438
328
388
410
362
155
221
381
418
317
227
494
481
203
435
316
291
480
473
360
149
454
165
366
417
139
160
492
367
112
29
266
226
496
212
440
200
11
491
222
170
242
233
450
315
311
172
104
334
183
437
238
248
483
186
180
143
495
281
209
322
219
36
121
10
164
282
484
76
319
338
284
2
89
146
288
477
461
329
364
14
93
41
453
83
208
17
448
240
114
3
192
235
69
110
475
300
323
239
391
225
201
350
120
446
223
419
490
347
476
95
217
4
335
387
