164
323
907
67
331
1074
834
443
944
595
458
1008
88
901
297
420
584
579
56
287
554
937
777
23
148
109
243
549
810
639
446
172
490
780
404
900
946
650
927
656
228
49
460
598
562
15
862
190
293
152
812
372
234
12
623
393
892
79
9
836
389
1026
753
539
405
503
1048
400
465
671
941
739
775
223
105
1020
776
251
441
889
489
976
158
949
618
146
291
636
342
743
558
54
745
783
265
195
673
412
496
852
376
980
521
820
174
573
577
177
873
401
731
176
827
794
628
704
416
691
594
989
27
196
470
675
169
593
84
722
452
456
289
688
885
472
970
128
706
102
137
644
266
461
669
633
804
824
464
835
171
313
209
156
175
116
545
727
239
791
477
408
552
267
721
643
1010
585
546
915
888
76
305
823
377
22
765
117
324
63
55
861
979
360
38
235
135
803
808
781
676
414
249
307
450
187
329
53
917
350
547
997
924
463
597
646
138
925
244
418
319
645
233
282
553
767
1017
1064
695
563
429
591
201
973
851
492
879
1021
821
7
795
256
878
1038
181
332
62
517
50
497
665
431
2
860
93
769
298
830
258
540
548
905
422
764
210
328
312
939
1043
242
194
772
516
199
968
157
236
506
921
118
352
838
37
934
97
822
788
107
729
654
773
602
334
856
876
301
1013
435
629
413
746
916
388
83
1062
211
4
197
844
518
738
151
682
826
430
543
789
759
486
379
940
871
661
501
596
849
451
555
884
284
1047
912
163
807
894
480
373
740
747
659
576
47
442
984
527
89
1024
320
964
33
725
504
212
1042
180
528
150
913
685
613
66
611
390
674
559
28
74
448
57
365
1005
292
270
991
467
185
484
433
619
556
592
238
423
604
881
1028
35
784
599
967
162
514
1000
814
649
314
469
189
154
523
690
574
950
82
493
402
667
965
160
48
232
121
473
73
309
13
382
10
802
261
762
708
481
1027
193
498
349
286
590
760
64
693
926
279
666
182
589
1004
648
578
237
683
440
975
848
224
317
300
1007
831
535
865
1070
655
68
1003
1050
338
868
247
41
110
398
434
14
485
439
846
104
1071
914
580
551
276
736
214
679
744
994
1033
858
841
513
375
541
632
839
651
91
833
660
303
1040
882
272
1076
601
524
931
132
32
999
432
198
18
771
483
705
17
98
371
845
161
928
1035
85
226
707
99
100
411
587
381
145
962
1044
748
752
60
875
94
526
86
799
987
840
356
906
560
1045
680
663
51
399
571
111
557
1041
640
883
468
344
992
897
922
46
755
1039
59
696
207
462
872
424
625
248
561
692
327
1051
90
178
42
454
1046
217
533
308
565
438
664
733
136
575
285
227
867
170
479
230
515
742
616
168
806
818
131
268
294
977
36
609
702
995
1029
857
459
1018
445
115
509
1067
21
531
374
396
71
1011
652
215
617
186
792
203
869
245
911
370
505
29
213
572
754
768
44
697
0
385
26
1063
936
634
478
359
508
735
1006
246
801
1072
202
564
751
476
1034
500
362
677
1023
716
603
274
406
205
608
1075
296
340
337
713
569
785
951
797
787
969
829
986
699
218
75
355
832
95
415
166
159
750
536
6
69
718
361
624
1060
988
144
714
895
942
1068
1057
741
252
81
188
641
853
221
288
544
877
1030
421
1059
954
259
700
397
16
336
222
1015
828
842
455
417
58
943
437
1073
717
173
392
607
112
457
983
798
920
932
620
179
322
260
45
534
491
283
891
271
809
817
1037
1055
712
391
790
971
847
811
428
8
843
447
363
471
409
133
206
709
1058
333
537
1049
410
378
850
568
1014
1025
952
220
255
263
280
87
519
610
612
369
219
330
684
653
566
25
1002
208
689
786
837
880
529
582
345
815
908
1056
982
993
475
80
5
426
703
972
600
719
306
