19
451
715
557
68
528
38
717
996
1001
359
808
915
636
134
214
509
665
93
841
182
277
700
890
353
757
7
994
666
975
343
58
870
65
185
903
43
146
166
981
767
948
224
827
752
881
1066
873
805
884
945
151
1030
584
781
558
533
495
861
970
556
541
733
934
687
627
336
411
444
526
380
984
229
674
921
485
339
872
319
1072
243
139
381
431
103
905
108
493
1041
76
544
847
325
115
796
254
12
1016
384
455
200
477
974
92
1063
47
1074
1043
266
766
498
860
603
364
438
144
950
225
933
986
446
762
158
152
401
799
983
989
52
84
843
461
424
647
691
130
982
673
598
324
242
944
344
304
310
838
923
98
1038
590
730
274
490
744
713
157
1067
194
299
914
1014
