70
225
276
168
291
123
354
150
362
472
2
130
343
285
453
80
490
262
494
479
261
40
17
372
358
97
202
126
178
136
103
383
148
297
26
444
281
499
250
66
218
23
223
349
242
155
104
77
337
366
222
90
57
149
266
454
221
451
68
456
129
190
241
462
170
89
233
374
334
492
11
310
356
205
482
96
191
22
396
277
452
158
455
249
133
105
246
272
336
323
230
475
408
13
304
267
325
117
245
206
109
176
173
351
278
186
313
464
165
495
228
416
163
214
162
145
402
58
403
7
469
359
497
67
410
71
355
193
169
338
468
166
219
64
346
357
188
275
14
81
377
352
283
426
234
220
182
208
382
263
215
1
259
248
363
196
177
303
294
306
498
157
217
54
467
48
82
270
213
5
142
298
330
28
171
172
156
481
425
152
329
442
128
243
204
282
309
227
305
474
360
153
106
489
19
284
312
76
399
119
496
271
419
412
18
187
212
370
361
431
49
367
491
87
339
417
342
437
120
381
31
428
102
458
487
237
379
0
140
47
345
364
260
198
93
318
160
240
84
404
146
229
400
405
27
46
114
74
376
461
