467
331
421
181
481
67
158
438
423
402
346
223
302
268
399
242
303
384
275
90
146
183
74
161
444
415
160
200
426
338
187
104
93
340
231
20
199
10
312
50
41
113
145
406
357
148
9
174
304
136
82
52
15
499
301
112
370
398
409
11
68
236
190
98
156
16
4
265
396
239
335
128
321
58
424
471
334
101
262
172
486
449
214
180
62
443
483
34
391
241
271
220
294
191
295
143
311
209
326
264
175
18
133
482
99
207
419
125
316
307
204
381
14
305
389
102
365
450
379
448
252
246
155
110
84
121
387
490
412
319
485
333
94
296
115
164
95
364
441
56
154
267
222
152
344
286
48
211
276
201
173
205
348
31
452
253
374
394
59
97
244
251
285
427
129
429
150
127
400
22
413
237
75
439
256
27
417
70
411
395
440
188
309
225
89
208
44
141
184
135
478
328
378
360
185
166
280
279
292
350
40
437
171
6
315
203
266
477
297
105
371
170
153
420
339
497
473
65
261
212
468
249
162
63
325
217
39
213
355
38
118
138
386
258
8
462
224
159
182
496
306
436
30
476
189
49
131
422
124
407
470
324
5
366
425
117
385
447
459
151
492
469
368
107
219
347
287
375
221
336
196
72
263
317
460
484
351
218
430
480
234
359
491
290
442
227
186
463
88
33
313
193
353
116
418
345
177
356
238
457
29
210
12
111
51
254
487
79
293
474
42
91
257
488
243
401
465
310
192
354
228
495
179
342
198
377
37
352
277
45
71
458
77
163
314
274
61
139
120
108
229
308
456
299
322
453
363
329
382
140
66
291
388
281
404
47
498
85
358
103
367
132
320
126
245
461
226
343
167
46
1
232
25
259
433
247
178
3
327
165
43
289
53
298
7
106
206
272
36
76
454
240
248
273
64
83
403
432
475
397
24
149
284
455
414
197
215
435
372
445
0
332
28
405
69
168
195
362
376
96
283
369
446
216
337
260
109
81
87
341
169
235
380
393
451
2
202
428
494
147
144
282
142
122
390
255
157
479
26
23
383
114
416
269
55
21
60
349
17
119
54
194
130
431
434
489
134
250
57
123
35
392
410
233
13
361
466
318
300
92
270
278
288
100
408
137
373
78
330
73
230
493
176
464
86
32
323
472
80
19
