351
304
274
74
71
51
311
404
100
58
308
84
298
431
205
44
303
198
43
232
268
72
419
412
230
401
486
416
262
347
68
197
462
296
461
275
272
9
427
155
25
137
413
360
124
138
89
403
353
496
499
387
265
212
491
4
166
16
433
13
376
380
231
476
498
80
341
400
176
438
39
421
14
249
87
53
439
235
281
56
34
388
330
271
181
111
175
320
437
196
260
121
408
337
90
467
459
159
358
52
342
102
458
357
354
118
170
6
278
133
325
2
407
28
279
184
62
95
423
397
381
122
460
424
147
21
91
202
17
148
165
277
485
398
0
161
254
186
252
313
222
263
69
429
348
157
85
389
269
134
