1077
322
547
871
729
701
963
583
936
755
915
1038
598
534
288
1015
166
240
1
393
147
472
1027
34
436
90
844
404
431
911
862
419
985
293
978
833
1043
338
510
453
873
660
649
150
223
58
304
670
680
723
625
146
365
933
773
554
946
891
771
748
616
977
983
202
657
16
183
801
409
541
368
640
427
564
800
647
949
684
108
340
975
732
822
265
440
4
641
378
835
1047
843
886
528
812
308
316
863
388
636
104
699
781
601
405
236
463
28
128
890
474
992
142
742
253
907
940
855
40
626
1005
964
484
339
122
960
62
383
546
898
786
314
119
495
1050
1033
218
1065
1068
111
343
95
437
1008
226
807
217
381
211
577
811
988
155
282
74
663
714
1051
272
764
32
623
106
305
208
605
447
506
114
704
1011
143
681
575
138
666
622
979
284
588
7
181
355
67
169
950
542
1061
668
776
906
432
326
434
261
255
457
854
615
5
233
335
551
485
685
730
494
177
879
290
327
559
52
13
268
252
869
1058
802
816
79
20
182
573
101
903
11
846
821
930
900
276
213
190
162
1063
345
698
857
330
420
1036
631
533
297
224
948
646
810
783
175
1024
46
325
536
428
779
292
263
347
137
212
682
89
342
689
196
1071
716
22
648
919
845
814
823
341
847
353
19
160
361
550
399
392
568
671
970
451
931
443
760
39
957
880
894
156
965
672
555
717
596
578
690
1070
925
91
752
234
266
450
932
775
736
350
321
258
904
231
250
570
665
795
530
633
