271
7
281
92
433
3
427
330
58
152
385
312
175
470
44
217
451
414
262
493
49
459
325
464
23
339
472
432
423
434
200
187
322
471
264
468
294
408
219
4
268
115
20
320
149
46
409
137
160
42
55
297
392
8
376
396
378
469
140
399
36
421
17
171
265
51
425
148
107
341
57
1
130
168
458
406
110
52
291
302
240
315
379
118
481
348
384
435
177
194
404
45
195
14
180
245
287
357
343
445
354
267
387
215
48
482
436
233
340
236
426
303
283
207
318
359
462
209
484
143
279
112
313
246
494
134
337
473
412
88
113
380
485
128
82
455
9
38
372
424
368
259
19
347
10
59
321
85
452
443
