3
318
335
73
289
176
29
437
403
481
125
0
132
475
217
343
68
259
52
490
203
110
349
133
273
198
468
66
427
245
323
416
27
194
228
255
494
149
25
18
355
258
246
415
225
477
154
214
370
388
328
453
213
11
130
393
42
435
417
465
261
367
474
209
135
41
121
347
234
166
295
399
455
278
423
312
152
55
141
187
239
21
195
244
211
389
33
215
444
287
469
241
383
48
2
196
263
150
81
362
419
43
46
317
88
379
442
186
126
89
171
353
286
483
45
72
334
37
83
197
345
339
410
165
425
303
257
140
143
247
47
138
167
4
369
113
106
300
104
256
137
391
265
301
87
112
242
493
155
206
158
13
54
376
71
57
337
199
249
103
221
450
23
129
70
40
237
390
487
296
452
285
316
32
91
333
22
454
109
205
59
185
315
232
240
411
332
330
459
174
387
276
443
61
58
297
8
268
451
92
233
464
344
74
122
404
111
392
359
434
277
480
364
322
365
227
352
65
489
394
229
497
372
456
424
136
325
212
123
86
381
84
354
180
120
1
440
151
30
314
254
146
292
115
49
172
327
421
395
384
94
284
34
36
476
80
95
175
313
99
153
486
218
114
219
274
414
294
210
243
445
309
264
357
14
163
51
436
128
446
20
382
235
360
342
422
458
363
145
368
431
16
162
471
159
420
488
449
281
496
340
17
178
266
428
226
161
429
53
24
400
127
291
160
64
485
102
378
433
348
201
63
473
306
282
119
396
311
251
12
321
280
76
457
189
407
100
463
386
413
10
188
336
252
90
401
405
307
478
38
28
62
147
182
409
374
220
117
157
498
208
148
432
169
184
402
310
472
192
79
305
131
26
430
107
124
462
479
267
385
482
118
142
156
31
499
134
77
351
299
293
398
495
492
60
338
173
426
358
373
366
377
96
168
93
44
438
272
346
341
271
181
470
85
50
484
101
270
207
253
224
320
97
216
397
319
412
5
139
230
78
279
371
19
298
324
236
447
238
406
9
35
193
356
98
108
231
164
304
441
329
467
331
260
288
350
177
183
262
200
408
105
380
250
39
361
448
116
308
204
223
248
290
202
144
326
191
7
460
67
375
6
75
418
190
56
170
69
269
439
15
283
461
491
466
302
82
275
222
179
