262
226
451
68
119
317
138
1
238
330
184
28
105
181
414
429
458
280
101
439
67
102
27
79
153
239
264
357
179
75
46
177
385
100
366
51
306
235
191
390
152
400
328
22
242
155
220
438
116
391
363
285
351
483
446
381
295
271
215
424
178
350
435
437
10
274
342
277
52
313
103
361
257
347
160
325
236
259
304
463
207
88
209
24
332
426
273
415
244
310
118
305
148
478
167
314
109
131
248
136
395
334
265
104
398
397
16
29
403
35
379
115
374
449
412
388
276
243
289
144
486
369
469
64
225
172
340
163
98
90
228
237
208
190
124
2
477
113
8
250
30
406
303
57
441
133
326
154
286
311
297
169
164
56
372
433
7
99
473
485
108
193
493
135
205
232
355
96
38
25
419
392
319
389
447
162
23
203
256
348
117
312
413
333
173
499
159
450
195
321
373
371
416
267
219
77
343
299
200
183
292
33
339
445
341
316
161
490
470
4
216
143
212
337
43
246
331
386
44
418
427
453
436
296
132
327
382
19
338
491
375
149
454
69
145
111
377
222
480
76
174
85
440
12
185
360
432
32
187
404
31
307
378
110
423
420
80
89
410
495
475
140
26
214
349
270
488
407
359
452
291
34
358
73
134
482
166
202
0
417
37
323
466
48
168
468
298
476
82
74
352
481
95
266
498
261
263
269
81
384
368
364
211
137
324
54
50
253
106
376
194
293
354
396
114
308
210
92
72
284
13
411
53
186
84
421
252
302
422
346
49
456
197
206
251
320
279
87
223
189
71
227
128
201
65
62
112
484
492
157
41
97
40
91
63
39
430
150
442
294
94
387
176
182
472
245
365
3
120
431
459
301
254
45
460
