382
30
324
206
466
406
287
149
362
135
333
489
195
177
419
98
459
44
359
442
69
476
304
453
140
26
226
12
370
172
422
269
8
407
408
212
479
29
191
378
239
117
158
223
372
353
449
389
170
141
2
401
336
294
175
220
429
427
327
74
340
411
379
52
435
312
164
417
338
203
409
77
238
428
439
477
254
125
109
50
319
271
190
293
45
94
186
66
23
230
330
448
335
148
162
199
440
146
82
343
233
473
385
83
488
252
292
120
138
157
311
416
446
279
305
424
92
168
283
381
102
173
255
76
288
325
156
383
42
75
270
497
468
84
328
19
228
17
57
299
11
129
393
360
41
183
302
55
104
396
147
60
73
122
475
267
494
310
4
130
352
415
227
496
80
375
111
150
355
274
79
63
346
456
115
202
14
361
295
447
309
81
413
474
192
405
225
280
234
386
121
90
395
363
10
337
261
214
97
253
289
281
131
24
37
95
89
438
263
470
315
15
246
189
247
166
87
485
244
200
414
365
123
21
9
107
341
33
22
481
316
25
7
108
392
49
347
388
245
492
400
376
93
1
72
307
85
165
185
276
91
491
256
249
103
373
291
444
454
482
113
499
425
272
112
318
5
58
344
62
6
106
436
210
264
321
390
342
460
78
48
308
339
377
219
180
36
345
331
317
211
16
478
139
163
13
61
176
380
285
32
169
96
0
236
46
67
198
134
486
28
351
207
275
358
329
110
213
155
196
182
399
437
224
286
259
209
480
457
54
160
467
484
443
179
35
70
306
181
282
18
374
430
334
178
3
262
38
216
144
248
441
124
229
237
188
257
208
326
455
469
242
483
68
367
142
119
421
284
387
187
197
394
290
88
