708
460
493
804
939
492
789
408
86
179
99
635
17
198
244
29
83
413
324
140
883
416
767
1050
1074
247
289
451
445
417
13
1051
796
650
139
648
931
579
546
359
357
837
524
397
764
155
878
641
240
631
578
582
933
848
363
442
628
194
665
663
895
611
192
476
469
734
1072
69
370
926
625
875
587
170
227
204
593
224
465
504
131
59
153
847
991
14
1014
975
840
913
618
695
491
868
540
331
719
1021
362
760
274
464
1033
367
434
375
675
917
122
30
358
304
638
430
344
807
816
543
853
342
313
554
877
428
200
634
919
735
208
316
952
1044
391
352
558
955
437
318
649
1015
653
307
672
52
980
98
1041
475
454
415
120
449
123
967
552
409
414
1075
864
742
603
703
978
892
897
253
368
530
704
963
513
859
626
450
893
1054
297
169
401
16
10
130
534
1055
44
229
8
275
1007
124
907
972
501
489
24
267
38
471
27
632
254
669
982
518
141
777
571
686
598
555
167
989
563
228
233
387
100
15
566
317
360
1065
597
299
389
581
50
725
429
285
825
271
800
19
261
794
526
325
32
302
371
860
361
234
657
977
739
60
960
953
146
866
127
629
992
918
135
678
822
862
935
477
438
37
230
1000
314
778
443
94
377
834
366
21
548
96
1068
948
308
612
49
151
956
171
35
749
298
28
861
951
809
509
559
854
180
722
276
874
589
985
786
273
683
627
9
485
507
245
134
411
842
768
997
466
762
474
943
418
651
218
217
716
1058
808
470
197
380
940
886
882
221
410
62
392
1076
544
81
793
502
490
459
510
82
84
1002
43
903
570
771
557
80
916
321
645
584
1049
622
243
23
207
346
525
556
974
272
172
949
1008
205
305
744
7
912
4
833
958
604
577
219
104
126
698
351
894
327
315
0
815
654
89
696
820
463
938
944
1003
575
54
125
979
856
899
1045
1023
149
647
1005
941
908
1022
156
345
119
776
887
922
936
160
700
532
440
402
326
1061
232
188
527
487
879
1012
66
713
870
828
385
203
185
1038
106
1042
687
576
732
265
957
619
1067
1016
721
500
447
959
154
248
1024
77
1039
512
896
395
61
561
766
488
294
252
920
889
758
987
613
591
79
720
994
390
73
782
422
341
1019
1027
364
287
801
946
503
911
279
942
45
688
542
690
181
872
592
995
677
231
765
630
255
923
1064
330
614
865
336
517
965
455
836
70
623
682
258
322
101
662
18
478
733
1025
143
640
537
738
1059
295
209
291
730
709
586
876
914
906
399
823
301
118
710
462
467
436
251
159
873
945
813
85
514
226
637
280
68
33
538
753
407
990
636
976
667
386
65
970
827
290
282
844
1
726
376
841
775
365
270
694
731
826
142
241
757
51
950
547
1006
406
715
133
871
1046
655
852
74
90
388
781
727
196
783
927
34
594
420
656
811
343
423
643
426
621
780
175
981
772
928
268
845
25
802
642
567
851
829
610
1001
183
962
746
396
223
880
306
824
784
583
529
333
350
658
745
1026
22
356
421
56
12
1034
595
850
596
550
888
354
479
1013
702
76
225
565
419
427
312
2
128
452
339
405
212
787
1017
439
95
706
105
250
711
968
1009
929
277
113
689
910
679
184
456
605
482
930
891
1043
480
320
633
473
138
174
381
717
999
206
303
57
606
384
797
335
858
435
216
145
1035
904
215
932
701
121
266
785
269
1057
814
984
148
286
72
670
349
109
31
969
42
158
671
788
752
332
88
355
516
1073
863
1070
763
161
484
652
988
806
202
934
257
869
616
103
685
481
189
996
692
756
107
839
884
337
573
798
495
737
338
574
536
1066
961
818
849
624
112
674
712
394
966
902
242
723
195
1036
921
182
468
531
817
378
1029
750
190
424
329
136
441
67
937
111
1071
