659
797
314
434
920
175
769
670
954
572
647
500
682
127
540
186
33
382
82
863
413
261
299
749
305
684
748
214
428
761
963
1058
405
449
822
519
1012
590
41
461
601
145
22
776
152
524
803
262
955
398
70
387
272
1048
10
765
0
44
148
46
1062
984
915
265
622
697
694
635
238
196
325
140
846
764
425
638
706
648
612
185
408
680
414
1029
879
877
905
1077
79
244
324
90
43
636
433
48
26
1064
940
184
770
514
893
223
960
1049
252
369
69
850
861
99
172
374
195
1045
1059
757
458
329
746
788
142
948
197
608
857
129
29
931
801
283
323
758
426
224
153
1032
958
909
412
1030
416
42
447
5
739
618
702
493
539
243
597
639
116
1055
437
883
1052
586
995
621
292
795
916
440
606
386
853
220
751
1046
805
432
855
476
754
522
474
375
355
147
54
471
124
826
613
50
630
887
108
584
16
837
914
336
219
715
798
842
3
80
149
785
800
981
856
878
266
103
339
343
868
444
899
452
634
135
990
144
318
865
235
811
817
552
668
911
254
600
736
588
894
632
1047
130
236
250
467
181
511
60
179
38
52
603
722
133
564
492
490
918
902
202
294
228
424
912
253
884
897
188
935
161
237
1076
705
741
633
501
317
1025
483
1007
691
75
189
605
592
170
515
854
241
443
521
575
844
357
993
166
192
105
908
466
791
869
504
778
193
598
644
627
406
609
472
882
28
561
892
321
396
409
366
115
921
816
415
508
104
814
782
923
138
