1040
522
788
332
938
274
207
120
616
596
877
234
557
735
887
1076
91
128
397
470
156
441
232
410
221
305
541
617
826
54
931
881
1000
580
493
912
457
714
28
899
512
4
547
597
583
651
1055
743
33
775
884
138
827
656
614
530
935
146
676
677
750
515
377
186
655
347
761
849
270
203
806
600
568
825
934
140
513
1022
1060
571
1035
66
777
25
86
161
711
832
302
124
996
353
860
910
96
285
418
380
59
933
67
471
652
496
99
477
840
176
184
718
819
863
442
480
1024
62
622
798
1002
238
876
55
994
680
643
913
224
1061
601
942
660
999
123
1041
316
882
450
83
561
604
183
932
306
574
292
690
816
436
831
75
427
739
148
189
1070
92
528
992
841
482
105
431
318
508
605
514
1037
631
115
2
746
565
351
963
440
225
696
731
339
408
289
968
108
740
77
151
469
352
430
505
526
888
843
979
559
765
141
165
118
753
707
973
941
1069
190
1013
9
699
543
5
411
252
324
1056
144
706
554
564
649
792
210
719
355
1028
782
589
214
984
982
1057
439
122
208
319
817
573
535
726
401
192
223
592
745
986
671
31
331
19
254
424
169
491
981
1021
814
813
748
101
987
891
446
187
821
768
854
139
11
646
492
388
42
733
485
390
336
633
936
654
980
665
945
570
356
997
226
749
206
929
962
360
53
599
135
143
340
171
521
278
60
264
587
40
567
369
501
738
490
851
181
429
886
830
712
847
495
304
174
883
689
958
637
1001
542
