988
601
404
579
426
868
913
436
40
754
846
26
364
514
504
830
36
545
573
747
347
444
556
89
432
590
214
951
211
753
710
302
330
613
485
823
328
1022
165
219
406
82
772
802
499
709
324
277
427
22
448
647
345
428
10
1014
599
215
282
616
143
76
415
964
926
628
1061
116
164
1062
770
555
785
580
110
140
845
486
96
242
280
900
570
623
228
458
230
982
87
808
409
74
864
889
686
1043
216
791
725
506
933
921
387
217
796
155
624
70
253
405
962
881
713
257
1075
706
50
513
1058
483
955
531
723
646
160
661
395
57
907
362
153
293
46
297
222
1009
239
636
777
544
742
741
335
997
729
730
672
304
893
1039
352
667
816
177
422
764
374
42
914
946
773
288
839
508
1056
537
666
339
162
471
793
313
1068
811
716
882
743
990
609
843
578
1069
258
346
411
840
536
429
657
274
424
862
861
838
158
109
950
761
99
136
888
719
856
1007
1031
744
562
197
208
540
363
192
697
480
210
959
1003
735
1052
691
120
146
778
949
332
662
557
17
618
410
598
696
822
977
842
711
269
238
107
1008
1077
1048
170
971
670
999
329
294
266
462
240
925
641
552
737
995
874
972
481
355
805
897
397
358
538
854
603
922
615
7
602
633
443
479
1023
789
899
264
176
801
1021
221
992
356
819
967
450
539
119
978
929
885
212
659
606
928
224
860
419
804
987
463
114
748
6
871
943
477
442
757
518
1004
180
650
525
765
501
1032
980
1024
835
799
604
