625
881
553
300
756
943
919
546
363
201
612
723
652
99
232
681
649
88
862
3
433
374
773
265
318
244
14
1000
1043
260
616
289
7
661
945
600
532
70
914
233
492
388
877
267
777
448
893
1027
656
754
821
624
169
817
5
115
705
135
205
246
313
335
643
651
132
873
576
928
720
145
373
465
152
340
985
87
946
241
1029
172
696
1055
409
824
377
62
979
856
400
966
352
71
645
1053
790
521
366
173
491
984
1013
778
21
359
1076
671
670
751
796
112
20
256
195
326
171
883
104
561
693
633
225
142
996
1052
836
680
163
814
973
379
826
222
426
436
278
660
378
837
339
690
130
302
559
929
815
360
482
273
534
63
270
772
122
212
774
86
923
272
50
879
583
458
89
868
786
634
290
220
711
337
420
727
556
155
109
860
518
375
255
13
722
493
125
541
650
494
905
92
323
1057
940
710
897
807
72
81
25
49
715
309
1060
1035
68
719
401
477
1062
908
913
330
775
446
761
116
699
73
563
611
848
12
522
646
765
10
434
254
818
890
565
793
38
271
82
279
558
763
95
749
1058
402
587
395
74
349
666
284
1039
234
371
987
544
712
144
648
461
403
1064
1069
137
166
156
392
146
991
669
473
958
316
181
732
655
992
178
348
291
66
362
575
287
997
1040
449
440
1072
292
692
321
1005
478
959
970
668
978
442
157
1020
331
921
175
139
90
993
162
965
500
238
783
297
64
779
32
97
319
707
200
536
58
464
974
1010
1051
490
24
445
26
843
967
1021
962
542
342
41
367
1066
231
642
664
505
887
460
36
595
160
969
579
370
540
953
811
922
602
760
455
441
839
885
995
30
411
57
663
876
416
594
450
906
740
462
353
282
834
215
414
725
678
399
797
545
1032
418
44
1047
503
19
750
734
277
548
80
676
743
564
264
801
894
100
242
1003
186
581
557
639
475
196
604
762
1017
1011
685
6
694
209
312
903
154
791
589
729
479
735
286
123
607
469
823
167
383
535
31
892
674
697
136
249
429
983
718
239
955
46
566
570
910
311
214
767
568
647
567
48
662
925
338
884
488
380
217
148
42
428
487
519
350
176
347
1
127
60
746
764
632
288
451
592
294
591
387
830
1015
782
855
972
702
590
941
657
394
481
930
159
407
310
421
560
227
1042
641
101
847
226
207
1070
110
938
586
927
758
617
237
571
147
322
988
314
269
851
1065
1018
2
189
327
83
180
438
1031
190
1071
346
17
149
986
345
555
520
111
605
368
622
526
102
623
357
550
133
174
812
687
935
960
472
303
1023
601
956
701
423
467
614
268
507
916
1061
724
106
613
527
427
547
91
188
1054
898
351
934
498
369
317
864
525
1024
714
785
769
471
397
457
203
917
904
454
582
865
245
596
889
372
538
931
384
474
1025
484
852
574
355
990
396
982
933
599
840
65
468
882
485
1056
845
1001
688
285
361
1009
408
274
523
117
629
859
499
164
184
1041
393
524
304
219
653
114
901
951
944
257
453
638
165
486
942
497
124
59
248
299
1068
11
708
496
1037
636
223
828
677
552
118
134
896
752
443
597
954
854
406
69
618
950
358
143
512
841
759
435
119
410
739
341
194
654
742
208
949
626
994
334
93
182
240
1022
504
530
937
236
508
593
439
276
968
1073
113
251
857
293
609
695
324
846
140
131
869
721
45
356
8
1046
386
459
332
573
853
417
385
999
753
726
788
328
422
850
0
34
43
554
224
800
4
829
891
413
54
39
744
502
631
537
218
539
861
757
667
792
1008
838
103
480
1007
569
549
390
306
698
456
584
825
437
977
902
952
766
627
768
67
1063
980
706
259
151
75
170
452
784
389
585
221
822
229
1067
78
820
204
29
580
513
281
640
250
998
266
510
37
964
