289
401
787
347
11
457
995
241
563
716
77
725
928
143
468
135
285
633
421
524
364
777
582
934
785
574
222
991
903
1037
446
369
52
59
827
519
913
509
636
613
178
1008
224
103
865
252
860
795
675
668
693
460
948
1029
19
205
244
190
319
386
627
295
388
682
922
651
350
527
1021
999
889
969
165
967
235
653
154
1015
689
672
479
392
428
484
972
738
526
472
1043
501
727
173
796
142
338
56
298
45
16
863
882
502
239
1
155
566
614
67
998
990
359
906
877
755
431
895
465
623
94
493
733
553
533
419
337
849
230
90
13
714
102
86
360
962
275
921
290
219
152
1074
489
706
876
437
550
646
617
861
2
395
35
673
302
989
804
930
482
1016
384
754
452
