960
514
1049
478
950
624
258
828
699
904
10
168
652
352
964
965
519
640
163
988
218
259
780
321
700
363
601
664
8
543
986
958
723
30
694
963
177
812
615
299
465
659
235
198
740
492
613
305
570
49
60
896
893
604
448
430
999
1013
302
871
351
792
620
278
942
944
475
883
128
565
786
267
241
341
673
176
104
370
280
518
253
1056
548
858
357
668
12
658
460
567
211
6
1029
555
400
498
1034
87
874
552
649
839
974
200
862
496
354
282
109
160
741
51
918
766
809
262
836
342
5
189
114
894
612
446
1038
395
424
892
799
730
149
998
38
898
1025
459
972
589
580
476
912
106
443
388
254
93
933
934
207
206
245
201
90
334
985
993
846
316
770
1057
1019
561
156
680
337
108
431
77
331
464
1067
61
129
576
710
932
1050
895
660
743
490
1053
845
854
348
190
403
1070
175
598
910
192
1003
1004
1014
913
406
317
705
684
966
33
943
692
488
1035
687
269
715
485
682
1044
323
494
959
948
29
80
484
837
689
242
158
290
450
165
11
382
588
240
938
533
600
188
275
405
1073
1047
493
831
503
577
136
747
678
586
306
654
1
75
975
366
683
984
379
120
57
499
202
27
674
797
571
653
15
821
793
413
73
520
508
806
133
1023
338
853
469
573
990
327
50
46
546
574
553
31
735
1052
92
225
172
417
583
627
310
500
380
622
187
679
208
686
1011
63
373
989
877
742
779
815
462
834
1020
122
433
289
594
1065
374
726
1036
605
734
