288
495
425
154
338
124
183
376
396
401
276
417
380
145
27
313
127
185
386
499
407
171
71
114
21
8
165
161
394
140
109
445
82
367
20
228
489
379
280
384
444
203
77
5
59
35
451
318
404
377
83
56
142
287
385
226
406
390
51
481
47
416
437
435
418
358
368
330
422
402
241
176
61
429
131
355
362
333
30
96
326
452
85
70
187
128
314
91
132
87
81
0
148
450
34
350
94
257
301
97
256
84
218
64
341
309
18
240
331
434
213
211
498
121
223
310
475
346
106
292
471
308
153
465
345
352
16
74
492
152
433
410
233
118
159
324
286
49
382
304
317
12
48
206
247
388
372
182
302
25
235
413
72
246
446
169
150
238
359
144
46
11
497
476
212
68
295
69
141
111
13
112
172
455
459
271
365
123
175
66
363
251
339
4
293
493
447
298
300
258
78
62
75
484
188
120
245
315
490
248
234
162
485
400
275
419
466
138
381
344
193
397
411
100
232
65
421
342
10
53
482
321
474
41
296
347
217
328
478
202
38
483
319
151
1
370
428
157
186
378
351
209
354
60
160
294
24
194
99
113
89
255
67
199
322
201
303
468
204
443
254
52
262
50
249
268
143
356
464
103
104
431
58
227
197
277
297
98
305
57
469
80
259
278
283
409
17
54
135
343
117
272
174
426
101
290
448
430
383
340
470
200
173
393
19
467
181
334
329
168
178
374
63
207
229
210
312
299
361
458
244
316
236
115
105
215
36
461
219
332
39
389
269
43
348
412
284
9
190
398
195
438
306
155
274
196
491
3
73
90
14
456
392
371
399
289
26
156
147
285
110
496
366
270
230
179
494
439
423
166
364
130
191
353
158
