311
379
449
116
315
270
248
252
89
245
220
121
331
140
182
256
431
469
384
482
155
323
3
125
54
171
430
184
295
37
399
376
241
453
337
255
483
280
444
419
128
378
263
448
494
332
360
50
83
461
233
87
138
117
167
445
180
49
187
367
169
195
205
289
374
33
66
113
309
373
339
338
90
414
100
328
292
170
307
177
222
71
322
296
196
46
284
48
12
385
239
5
450
175
421
14
388
488
460
319
198
290
257
326
30
403
118
135
459
259
294
25
244
150
40
254
96
330
432
147
44
396
108
333
275
397
409
4
204
455
435
151
312
441
308
34
139
200
246
329
212
358
103
359
443
320
402
7
438
82
119
300
342
480
142
454
94
392
497
264
75
168
416
123
288
174
23
57
355
197
210
475
73
393
410
327
218
436
27
425
499
351
85
391
141
352
489
31
428
371
214
126
28
343
185
277
189
146
226
283
29
370
24
269
132
88
65
418
2
211
156
439
1
68
266
172
231
165
366
131
240
114
383
179
76
365
362
17
13
10
181
286
80
124
97
219
462
387
490
354
183
106
112
38
305
166
59
317
193
472
