273
447
411
245
385
51
186
99
474
116
437
172
259
64
451
14
457
160
384
489
369
82
249
382
432
499
212
218
56
313
438
434
465
127
268
1
389
310
168
324
307
294
10
467
162
157
122
394
483
285
380
353
405
67
26
267
201
236
230
280
330
323
159
8
343
298
317
399
326
260
43
487
398
335
50
470
38
179
363
492
423
68
488
393
304
140
346
372
105
291
409
358
350
31
81
17
227
357
410
375
355
35
214
336
107
240
272
370
493
450
147
244
428
100
191
73
401
167
415
242
289
4
104
318
47
361
404
7
13
24
164
199
427
471
283
315
128
402
448
217
392
5
442
462
20
440
15
215
193
262
148
151
494
180
226
185
250
78
219
322
301
27
414
444
121
146
40
16
379
460
498
454
333
87
286
395
18
94
126
311
120
92
142
139
406
258
320
312
277
293
88
247
77
138
486
435
417
329
25
206
133
255
377
374
290
86
211
477
130
173
485
89
292
475
400
83
455
62
276
61
391
441
362
339
468
381
269
235
319
108
453
356
174
11
420
178
188
161
429
264
131
274
72
308
119
204
256
163
347
300
