151
586
636
290
837
315
50
629
1001
1077
1051
1016
43
651
348
758
540
1028
631
806
387
522
536
696
1018
153
725
1007
858
1064
325
670
294
233
339
558
59
206
1046
699
543
940
370
703
1054
996
1025
811
352
26
791
95
946
574
764
1041
871
667
963
1032
231
247
491
125
613
614
1049
776
173
598
899
954
531
66
628
642
327
1074
836
286
115
724
182
537
356
270
588
301
211
595
1040
0
175
503
341
767
599
427
219
204
687
600
665
158
662
1006
990
712
94
35
391
373
909
756
263
71
107
773
267
276
708
92
1014
469
329
243
738
242
287
1017
257
457
739
346
253
423
810
217
527
838
500
977
542
189
693
721
1076
510
1002
523
58
42
761
557
555
866
366
554
110
534
424
260
114
781
548
84
132
396
694
879
1029
3
950
176
630
775
677
244
888
533
986
1020
988
556
794
1035
528
722
962
736
193
178
12
671
1067
121
15
232
521
887
254
513
958
445
99
823
825
752
239
268
845
778
1005
345
933
839
783
656
906
549
518
148
65
450
80
787
829
436
913
127
170
314
501
45
911
240
924
425
792
368
1062
86
666
929
762
234
625
790
505
402
520
597
749
1039
214
101
561
700
930
626
934
177
978
802
784
220
218
146
398
399
876
39
23
385
563
171
904
851
88
882
691
105
835
478
163
483
999
323
30
142
529
937
607
925
502
119
605
949
647
371
853
455
130
482
299
698
201
296
763
710
706
512
603
131
589
283
515
820
713
649
471
5
494
748
785
498
968
297
324
972
538
265
623
54
365
338
679
155
622
17
1026
901
873
139
822
793
361
120
447
657
517
486
440
895
998
705
470
740
89
1071
799
566
20
210
442
414
718
590
490
1044
786
355
295
40
798
754
56
460
857
726
64
976
553
646
430
575
117
291
564
841
394
63
591
601
200
6
150
262
188
903
305
959
411
627
480
326
695
583
1027
184
449
235
438
485
293
849
454
777
444
682
185
70
720
282
878
186
1011
766
172
956
147
212
380
41
604
404
475
280
750
864
319
615
309
441
995
850
855
256
344
927
47
819
224
936
870
228
118
833
27
412
281
526
52
205
550
138
757
85
923
29
692
928
648
392
401
639
241
363
681
1063
24
840
920
433
565
702
331
497
300
508
616
194
541
133
1050
992
688
530
824
32
264
73
18
22
28
770
769
874
451
1061
227
1010
97
746
796
13
8
123
334
68
765
437
216
302
49
719
203
143
674
867
393
229
458
1037
637
266
360
690
807
