114
148
35
214
406
86
271
339
204
458
274
270
300
409
113
108
92
37
316
193
160
38
357
462
258
227
96
177
7
295
58
245
218
206
158
294
441
381
203
19
13
434
415
52
192
91
180
54
265
442
175
28
279
426
492
373
179
325
247
42
102
156
145
85
190
376
127
20
69
414
178
207
48
364
478
419
59
344
460
355
452
133
392
454
371
62
424
281
109
189
313
356
309
297
298
307
443
139
194
433
319
6
216
401
165
457
226
435
66
489
196
428
256
97
26
463
369
476
382
488
466
238
60
161
254
314
280
34
223
461
275
322
447
348
98
455
437
410
397
200
389
77
18
224
321
144
116
383
225
159
