1074
1037
1025
355
159
79
744
591
425
888
753
100
929
172
999
850
563
329
49
555
678
163
333
852
640
304
953
989
906
1021
765
360
819
356
810
382
419
934
727
818
227
669
663
553
88
571
807
790
908
872
447
824
703
226
346
302
693
409
691
12
191
350
167
230
605
351
320
579
783
200
240
936
164
451
694
941
497
464
300
531
717
428
271
905
478
551
538
714
1001
440
716
968
667
1043
128
370
229
913
588
129
718
190
402
474
400
1054
686
948
252
366
813
40
61
171
583
527
841
170
152
160
422
11
529
973
916
725
698
626
375
505
328
873
919
544
361
795
253
1061
609
381
1058
684
182
690
965
309
134
603
1059
523
972
1069
386
1052
307
789
1073
47
461
540
612
