160
376
487
605
369
169
840
960
1052
508
140
586
241
128
1061
454
852
865
1003
295
1050
183
537
71
825
111
130
355
38
553
889
403
458
859
1012
381
274
711
298
982
762
916
48
617
955
901
121
420
246
152
600
740
827
977
378
300
329
452
821
733
112
934
494
345
309
242
3
502
1057
359
50
856
26
216
884
43
368
265
257
631
230
915
522
398
21
143
866
97
19
113
551
992
114
201
432
104
421
665
444
943
477
435
744
867
882
437
897
739
1067
110
312
30
28
1032
123
546
448
35
629
499
849
382
746
357
785
166
296
988
725
162
245
62
685
909
188
462
678
701
756
167
545
834
857
945
510
1008
1015
669
354
624
798
434
440
875
911
914
101
314
46
1047
220
795
942
1013
872
591
736
392
278
91
395
72
509
385
533
146
894
518
317
880
261
119
463
365
70
835
332
318
693
476
58
386
286
1058
608
595
197
173
564
251
269
853
576
493
913
1040
174
824
830
604
728
703
647
206
262
479
602
697
366
419
459
280
649
803
903
1002
273
283
1074
563
433
406
863
399
784
896
781
497
1039
558
103
976
850
898
1021
899
861
752
213
391
11
520
416
800
209
131
349
1072
679
585
362
61
164
307
550
819
773
609
539
886
885
788
904
860
569
34
651
980
504
1049
195
987
96
575
641
69
598
315
225
1024
764
933
344
606
1030
1076
599
301
714
964
489
410
979
356
244
461
1042
684
226
447
363
304
836
109
1029
687
384
589
1071
844
554
15
1068
766
20
484
506
1077
456
108
488
1066
642
1007
321
876
890
565
75
512
125
705
548
716
370
313
1005
660
737
235
789
139
37
1031
1027
967
681
1065
673
94
869
519
495
276
806
186
224
172
786
888
338
401
807
923
342
521
690
743
187
975
302
838
430
402
832
831
293
364
900
935
439
820
106
339
1059
671
387
144
1064
92
170
659
350
710
927
541
912
190
469
694
203
9
393
717
333
282
249
330
83
985
415
662
1053
516
76
747
771
818
621
524
895
23
155
949
179
718
147
6
954
500
327
424
1004
822
969
1055
648
919
851
997
968
704
275
751
999
132
266
198
305
1017
614
658
1046
88
707
868
628
646
182
1043
13
1000
361
633
335
560
941
12
779
978
105
948
175
925
407
54
680
2
1045
441
676
323
944
989
1038
813
635
383
137
966
268
1028
1011
547
328
984
325
45
228
708
413
17
811
932
777
709
858
52
592
84
303
666
56
180
1063
1073
450
256
675
670
204
191
473
346
843
247
42
652
64
616
637
946
879
559
498
566
449
411
549
556
157
231
29
1036
491
918
148
613
1019
93
165
294
636
99
86
68
1018
151
893
396
996
1035
698
583
466
379
418
474
816
100
574
726
120
455
326
956
7
207
311
517
797
480
514
40
194
753
414
36
129
483
677
193
839
994
650
758
632
1060
445
568
255
200
267
1056
138
940
73
505
210
922
59
199
287
644
562
623
133
501
451
1
847
579
485
258
360
136
1026
892
883
881
805
217
81
0
374
529
324
552
457
292
801
8
749
277
239
490
804
154
290
168
24
619
149
291
372
297
767
229
655
288
584
87
810
1034
1022
389
44
1062
135
163
215
929
724
593
341
625
10
496
181
571
538
902
959
638
793
214
741
748
478
618
557
65
285
343
759
833
742
158
732
965
348
630
134
232
573
205
757
765
471
906
85
864
668
782
465
1075
817
142
700
672
373
289
855
720
337
846
25
643
686
692
47
1023
776
503
218
981
306
532
336
536
331
60
829
319
223
219
271
905
250
1016
691
931
227
27
161
515
240
570
427
371
279
842
582
972
921
774
107
358
761
1006
727
610
1069
14
1048
661
377
601
178
464
607
723
848
745
656
730
823
769
962
78
412
145
540
957
90
581
612
535
