106
1
232
362
311
334
157
279
239
93
152
142
423
66
337
208
491
124
343
344
137
463
453
34
184
444
205
321
392
50
120
187
77
428
269
18
54
126
395
221
43
57
436
458
286
299
158
173
2
127
488
83
350
285
24
403
400
390
426
200
38
455
182
493
346
188
251
204
295
434
206
376
409
6
439
314
92
210
460
265
348
315
70
26
61
112
478
86
14
98
76
9
297
33
67
155
370
340
318
389
203
306
160
212
110
199
303
487
372
32
351
207
364
21
309
482
331
115
195
133
65
281
209
154
289
382
320
465
278
247
150
498
197
480
486
495
475
170
404
254
312
264
489
148
31
365
298
88
275
445
