415
497
311
59
239
266
208
369
220
163
294
125
226
256
315
457
238
56
106
162
355
346
390
135
420
159
409
126
164
227
379
477
94
352
441
117
496
249
217
0
340
34
206
349
152
460
400
437
166
385
451
295
44
232
342
33
339
251
280
468
78
360
139
423
89
443
144
380
430
394
452
190
439
458
9
113
127
7
257
176
283
471
121
302
328
442
237
184
476
76
408
146
231
123
68
375
120
481
209
2
40
74
324
196
348
366
61
479
306
130
49
432
337
278
179
16
332
28
193
129
465
22
188
177
10
105
448
435
414
395
167
456
64
83
422
218
104
248
17
39
323
191
271
175
281
478
367
134
103
48
138
470
199
45
429
368
261
202
200
370
198
210
425
314
364
29
353
436
212
453
108
354
270
296
265
228
79
378
62
320
58
118
1
186
298
233
43
192
299
499
293
472
5
25
55
82
273
242
92
195
42
322
98
115
285
381
26
255
447
183
487
494
325
382
101
260
483
168
338
331
73
160
269
258
397
345
264
461
286
99
316
110
480
119
450
413
300
145
377
268
493
438
274
356
32
225
287
275
181
401
344
86
424
150
65
112
157
80
47
133
36
491
434
151
18
263
372
169
247
229
446
389
69
474
100
38
305
124
386
333
31
410
111
417
20
444
282
469
489
41
327
14
405
211
292
37
486
403
243
222
307
148
252
259
334
223
358
67
142
96
402
75
426
254
70
30
357
475
214
158
187
279
319
399
371
495
419
484
440
219
53
312
318
301
391
207
359
304
91
398
215
234
490
4
81
498
213
488
46
143
241
149
308
230
27
57
462
411
197
467
189
141
289
203
404
72
182
388
180
303
313
427
154
224
185
93
288
482
317
132
351
102
485
24
250
276
155
384
51
330
84
171
262
291
449
204
347
236
137
362
15
88
178
387
407
235
326
170
131
23
156
114
165
336
363
95
54
147
277
97
361
8
19
240
383
464
396
136
128
466
297
412
463
473
431
50
66
107
77
245
284
290
173
116
52
421
221
373
329
21
445
246
172
459
455
87
35
341
454
71
153
13
365
350
309
122
376
205
343
63
90
216
194
85
310
12
428
406
140
492
416
374
11
161
321
433
3
201
244
60
253
272
418
393
267
335
109
6
392
174
