496
54
466
791
359
450
94
37
945
554
441
57
442
831
88
49
820
1006
87
902
531
50
1073
588
23
110
323
341
410
700
693
800
234
183
573
133
861
766
360
491
617
327
951
1011
58
144
978
928
930
804
262
402
35
926
1029
408
725
89
51
106
389
112
435
641
197
439
719
33
527
403
425
221
785
526
521
944
95
903
147
273
227
8
148
412
1027
233
620
375
56
123
333
535
165
726
256
48
498
383
981
190
696
671
605
300
818
468
684
628
17
599
897
76
648
124
283
392
760
115
270
533
152
9
710
184
391
735
618
983
714
625
198
470
191
459
279
372
931
314
344
189
294
346
598
128
626
954
755
1050
606
996
339
343
104
24
729
812
923
150
13
311
447
1021
478
285
548
772
43
102
469
1039
122
0
890
501
41
493
237
1051
260
708
75
284
1028
1034
494
474
463
571
969
580
248
646
331
254
73
777
377
69
460
1030
1000
728
414
836
111
350
445
541
838
644
665
843
64
664
426
529
1046
181
361
138
277
586
993
16
342
160
185
297
1016
195
216
212
565
869
334
438
1024
119
266
34
698
572
762
799
633
834
328
440
202
205
149
446
265
737
604
373
670
27
520
795
406
805
354
595
937
936
807
782
961
206
21
589
315
224
949
374
829
940
201
422
579
173
543
365
830
518
141
338
914
312
471
517
776
731
779
867
436
502
298
453
924
1035
187
995
577
316
614
345
853
164
458
219
448
1070
692
858
1053
465
240
485
380
395
109
20
873
28
348
1063
756
1064
186
1007
74
668
823
5
322
950
754
568
1049
249
247
451
1061
638
1071
686
26
369
101
767
661
528
581
773
376
721
583
1074
127
874
948
12
560
264
280
301
46
1036
545
386
200
368
544
674
939
881
715
525
4
1076
239
549
477
59
718
979
162
263
1009
99
709
522
146
492
398
884
1012
1037
759
935
81
397
163
906
158
340
203
733
467
475
324
362
557
806
697
655
676
1008
215
934
371
601
681
649
957
515
1041
79
388
534
1058
994
489
472
642
757
258
288
241
970
321
941
166
893
592
15
879
1043
840
624
169
174
647
872
454
743
808
680
36
813
585
211
821
156
963
582
851
600
268
307
223
864
495
71
1003
116
639
142
310
52
509
701
637
286
419
137
370
171
259
457
999
594
886
933
423
524
832
569
942
507
1067
640
417
911
679
723
1013
180
236
590
938
958
663
742
542
1047
716
770
91
61
287
1031
842
758
143
964
513
909
973
1048
129
905
739
217
667
538
651
