401
274
261
260
182
249
355
323
335
462
428
330
34
289
327
316
469
123
471
295
375
189
73
433
11
277
358
144
494
17
251
68
118
94
307
119
223
478
43
175
92
430
98
3
364
482
298
102
386
233
134
230
121
476
451
112
382
170
20
421
488
287
84
276
129
224
279
218
221
141
50
65
348
324
231
271
30
373
448
275
400
485
157
306
185
167
300
240
389
415
0
176
109
457
160
77
194
282
399
410
463
237
80
402
434
33
146
166
394
51
53
61
154
162
4
6
493
406
75
238
56
191
69
132
29
215
87
498
163
130
150
454
2
72
424
450
398
280
333
361
379
419
74
192
71
127
283
436
234
203
1
107
311
145
388
236
467
48
247
254
143
38
429
270
368
186
378
281
422
371
36
290
13
147
81
286
440
486
319
437
31
310
63
404
480
412
16
341
86
353
362
449
178
384
475
180
125
487
169
226
142
489
461
468
58
376
363
308
278
343
297
314
255
239
27
322
453
456
452
357
441
55
213
484
96
47
111
252
296
103
190
152
411
339
346
318
354
431
385
245
246
128
39
259
366
356
100
214
101
217
426
122
336
409
52
93
116
294
225
10
349
161
110
165
242
90
216
227
89
395
423
28
204
372
292
269
88
25
407
106
328
284
309
267
492
59
351
179
302
66
350
148
408
446
70
472
326
293
439
413
131
392
470
360
8
435
40
342
79
46
211
173
241
299
219
32
156
168
464
62
117
420
414
331
9
483
383
206
91
403
232
405
258
367
67
438
432
250
78
262
329
201
149
257
340
57
83
228
303
151
244
188
139
455
37
64
445
105
133
174
345
442
196
164
263
387
417
365
380
315
202
138
155
187
21
396
447
497
248
23
369
444
359
85
393
184
381
183
473
479
332
115
338
347
320
301
253
126
390
490
317
212
268
466
60
42
391
95
265
14
465
458
104
205
171
481
18
24
460
195
12
229
425
304
99
210
377
291
19
344
477
49
443
35
44
158
334
220
264
113
181
76
243
285
352
41
197
235
26
114
208
418
193
374
135
313
416
325
153
136
140
97
499
273
22
82
177
337
5
209
495
474
54
288
222
256
172
137
124
305
496
198
45
200
15
312
397
7
108
272
266
159
491
199
370
120
207
459
427
321
