460
492
356
499
336
210
44
334
160
262
165
81
291
22
97
136
37
323
288
441
344
119
212
49
373
329
169
151
173
129
297
86
133
7
396
27
265
362
450
428
289
410
9
257
402
453
170
361
82
382
471
38
211
99
196
378
452
56
475
93
6
461
313
389
171
182
414
437
4
486
31
376
181
47
496
431
409
24
110
447
442
266
260
237
495
394
67
464
54
229
476
68
74
271
33
388
256
264
208
305
16
360
148
387
301
166
295
11
30
385
400
327
462
371
268
215
46
118
15
91
322
383
324
347
454
267
204
69
393
341
96
307
223
287
370
202
238
127
197
155
479
269
245
73
250
224
57
346
293
355
