318
339
187
42
306
179
198
30
428
395
159
448
136
220
456
259
241
243
121
430
85
284
320
477
364
48
497
479
89
150
178
210
290
447
452
219
41
460
133
212
201
467
21
209
468
156
329
471
401
485
457
245
422
469
458
199
385
369
419
205
474
349
47
287
74
223
73
314
104
432
444
277
361
192
123
207
168
51
319
336
449
272
118
174
125
371
376
242
114
414
167
399
261
145
248
257
78
95
478
32
324
453
334
296
331
273
171
191
368
426
101
12
347
203
337
323
56
181
2
184
79
126
282
387
11
412
226
310
425
441
35
270
341
82
221
9
488
18
321
381
217
351
359
465
281
384
268
112
472
160
300
409
190
338
29
166
138
137
489
494
180
110
163
317
446
348
265
236
302
91
64
77
139
188
238
222
14
353
388
76
143
315
164
375
343
23
491
377
386
378
92
255
103
396
374
165
365
172
235
303
44
4
194
68
330
63
398
170
293
278
231
367
405
421
31
496
49
439
84
97
34
122
483
208
305
470
403
487
342
61
96
129
57
132
461
158
175
230
128
466
262
20
413
108
400
0
182
285
433
67
93
240
234
276
10
406
211
218
173
193
407
499
62
370
271
196
254
239
408
476
186
402
151
288
111
372
415
434
244
225
417
335
325
55
140
326
115
267
363
308
94
65
355
195
279
105
382
299
141
80
86
147
19
366
5
8
286
289
266
36
161
263
17
332
88
313
486
357
81
58
6
202
410
120
292
312
344
153
436
397
454
146
25
498
28
152
463
206
69
291
280
362
60
309
216
301
269
37
98
431
189
215
119
83
464
484
131
490
200
27
224
90
394
427
169
445
429
135
340
283
311
316
459
424
443
383
462
50
40
3
22
360
134
15
162
327
16
420
481
260
258
157
493
24
322
232
356
473
275
54
247
391
345
250
475
373
246
100
214
295
411
404
75
185
130
33
155
435
7
102
389
249
177
253
213
70
116
148
392
87
252
451
26
149
437
274
197
13
45
183
227
99
482
154
304
71
52
450
480
38
127
72
124
455
1
144
66
294
354
204
176
142
113
442
495
233
492
59
264
380
416
228
39
237
117
352
307
393
251
350
358
346
418
297
43
328
256
53
298
109
107
423
438
333
229
379
46
440
106
390
