588
594
552
99
811
307
365
916
728
78
90
595
13
850
798
768
648
512
822
138
859
955
108
598
867
779
1017
616
185
580
895
953
704
830
1066
1021
753
16
325
242
684
506
393
292
557
736
1001
516
224
368
865
903
85
497
317
287
384
794
964
816
120
849
145
565
58
567
528
423
628
538
669
328
819
556
471
858
61
282
518
586
1020
476
770
491
584
851
389
844
202
862
1016
338
332
27
140
434
996
438
558
554
84
208
487
863
988
375
989
860
261
366
65
1028
708
876
976
195
315
52
167
981
194
372
465
353
724
688
141
137
350
495
149
132
210
744
587
533
1038
87
823
316
1065
309
578
899
589
703
948
797
732
37
871
771
105
957
496
777
993
674
463
226
447
1068
111
488
627
284
938
468
933
31
30
523
151
285
542
531
343
29
450
308
532
679
142
1056
203
622
984
866
327
792
707
322
877
414
283
912
100
793
902
636
257
941
492
634
313
341
266
748
997
435
114
502
935
1014
803
189
396
820
1026
800
639
82
649
456
135
238
430
1063
371
121
128
541
250
36
374
718
555
386
633
911
925
412
179
752
212
392
766
864
667
390
671
24
370
104
566
80
70
233
746
673
107
77
232
874
694
630
498
7
992
891
346
572
481
1077
294
861
376
336
868
713
1003
329
453
841
505
318
885
942
806
48
665
334
1054
904
839
828
727
444
537
273
651
937
545
681
347
44
550
170
972
484
305
802
1075
177
98
974
618
1033
775
2
117
81
592
