909
900
646
500
133
309
511
822
440
301
639
796
1009
517
753
629
215
782
797
29
554
663
606
28
643
320
1067
139
69
634
102
300
237
456
285
798
424
1066
778
489
302
696
868
675
1032
767
889
580
319
960
762
1056
973
638
599
137
510
790
4
37
485
631
994
253
855
9
481
229
41
1004
656
432
920
658
860
351
1012
115
649
540
467
956
427
495
635
941
172
208
607
1007
885
450
625
101
477
839
1058
393
113
893
494
369
551
1046
513
396
560
613
206
891
282
50
433
983
829
76
817
1026
653
217
466
859
731
434
681
352
443
804
736
176
1075
1018
999
104
330
298
955
72
564
621
578
904
614
260
819
314
375
692
322
795
740
998
25
1070
641
847
78
655
415
480
278
272
372
712
231
16
894
756
626
913
546
922
347
191
438
751
887
323
579
936
594
82
304
294
409
980
929
154
665
484
852
337
63
865
1055
758
136
194
666
392
780
717
768
773
359
601
989
617
718
828
919
77
586
927
1008
1029
769
1017
840
224
106
148
694
398
30
245
923
1065
356
610
591
945
1042
186
39
333
188
270
502
461
561
698
864
863
623
404
44
890
550
338
488
1050
1019
6
493
368
348
845
119
898
244
364
42
430
1003
291
52
406
379
248
344
592
354
70
1044
124
193
841
281
249
719
62
568
68
346
880
996
454
763
779
475
835
103
1011
946
90
1043
380
548
695
525
1005
661
916
715
341
152
312
1006
589
911
686
803
547
374
1068
111
75
365
1052
279
233
98
