669
507
665
898
271
301
864
757
307
917
476
697
692
45
116
230
951
215
984
764
421
809
729
1042
86
632
608
486
944
842
236
73
119
141
593
661
932
676
791
909
378
606
68
688
508
583
825
874
26
510
1017
566
550
977
148
735
287
416
98
979
937
326
1047
210
704
331
1043
922
193
244
140
231
1071
1050
712
318
851
296
1046
282
883
37
270
514
368
912
527
327
829
221
406
974
945
465
308
720
1064
422
345
841
338
191
360
540
371
1052
533
460
930
1018
525
709
268
753
1035
741
62
10
392
51
772
408
334
569
234
346
616
918
674
448
742
971
539
1067
233
181
747
968
93
908
386
168
12
303
690
156
245
861
332
914
679
382
319
96
948
722
188
239
237
495
88
833
734
182
21
381
443
361
388
603
618
762
154
587
180
292
179
177
473
835
419
628
258
163
1028
169
393
469
81
594
592
934
904
728
494
464
429
123
405
848
682
694
516
261
733
555
931
783
409
380
605
445
204
987
992
996
497
65
756
385
162
776
941
812
700
780
257
702
522
272
480
967
589
316
224
872
474
526
995
512
1010
489
822
903
760
1066
813
189
34
781
199
942
1038
1026
1009
779
953
342
1075
80
240
585
228
1065
654
708
973
575
302
517
252
853
530
358
200
264
468
905
962
769
836
879
1002
330
719
1074
677
810
366
868
493
659
490
223
774
28
78
844
397
265
745
915
29
551
1036
899
787
576
289
963
959
823
1044
698
670
623
325
391
887
1
613
1031
1063
749
69
552
960
591
155
896
597
858
349
42
426
549
1011
235
118
521
305
739
1049
865
827
399
705
755
866
561
132
799
620
1013
847
881
935
989
572
814
999
612
500
427
203
1019
340
972
625
449
990
278
639
281
25
389
646
206
828
710
794
364
635
178
250
518
79
205
680
964
724
461
1056
910
1062
614
542
886
192
232
548
6
217
684
498
954
2
843
975
852
114
818
285
711
529
400
446
952
54
483
138
31
20
891
826
662
547
208
804
906
279
194
117
387
428
5
1004
579
353
190
254
211
586
882
147
609
950
99
713
356
479
633
447
1051
637
565
59
649
940
768
725
820
947
441
737
888
845
463
993
1024
894
130
706
197
660
636
911
175
777
849
949
128
299
398
218
491
601
916
718
580
687
297
313
251
985
442
715
778
108
433
832
796
35
532
701
124
100
312
631
795
758
202
40
837
560
435
209
243
630
854
379
321
961
1023
196
746
249
36
1060
53
1070
840
751
170
797
596
276
27
766
598
402
519
320
247
520
101
456
439
455
1030
125
335
1041
875
1022
650
890
317
892
752
642
18
242
91
14
294
759
55
789
496
997
135
412
373
413
638
22
524
103
142
227
311
212
792
149
871
1061
453
159
860
578
423
986
574
564
666
805
418
52
1033
74
727
528
322
374
1012
61
424
50
89
726
90
339
798
824
622
293
806
139
420
462
144
396
432
878
288
657
1003
966
846
939
1055
488
95
437
570
452
195
1072
466
112
651
927
558
477
538
1039
761
621
717
110
198
1016
545
658
683
1059
1034
348
64
785
1027
58
7
290
1057
534
581
201
410
225
306
222
17
404
536
653
838
863
563
695
219
255
877
775
347
681
341
895
582
266
176
511
924
343
300
216
481
956
980
401
983
802
723
47
740
158
425
976
367
502
352
602
309
8
647
732
929
788
467
269
357
696
1000
213
671
434
259
615
67
627
363
655
120
1045
44
504
184
501
770
859
981
133
901
82
183
869
375
167
145
16
1029
369
607
811
336
744
675
714
102
604
33
1014
503
220
936
938
274
831
83
263
324
1005
411
816
703
988
850
30
97
1054
115
3
801
926
150
919
344
214
610
889
151
557
459
641
617
958
377
63
821
920
876
351
407
111
172
161
376
