73
291
136
972
763
185
26
443
1070
704
592
594
702
101
61
405
822
852
419
191
858
677
525
172
482
841
797
863
955
64
973
109
351
925
494
779
1047
640
646
881
188
727
44
504
810
550
581
429
1020
619
819
324
142
622
318
383
445
17
274
217
105
59
766
134
261
866
449
790
245
476
952
728
539
71
1074
679
1068
542
30
522
38
175
174
812
782
223
529
657
219
459
907
566
986
193
869
740
610
438
781
225
123
692
519
978
743
932
277
801
824
761
213
721
369
993
569
15
9
1049
76
202
629
823
835
91
849
1045
75
302
367
558
260
652
416
936
103
650
342
495
1042
87
11
4
523
926
36
507
417
3
882
221
587
599
579
317
892
12
988
1066
214
1054
356
867
541
962
577
407
402
113
899
533
2
235
603
67
100
246
65
60
299
875
755
509
211
963
35
1057
662
350
512
345
576
924
950
922
328
110
994
1013
70
777
146
439
138
352
181
606
967
335
51
1022
81
770
273
609
965
1023
231
701
694
84
88
332
1058
448
538
929
958
565
561
131
1044
82
752
520
266
197
927
460
267
531
604
399
236
572
1075
278
83
680
77
584
22
444
568
394
230
255
305
661
921
917
789
297
891
872
206
861
441
900
147
806
387
537
243
279
74
331
617
362
1005
886
678
845
780
931
547
906
908
57
179
923
778
408
341
627
685
467
795
16
209
380
757
673
670
396
43
739
156
1000
336
480
502
585
294
139
645
733
742
915
844
798
477
705
108
578
901
888
741
681
688
376
938
513
911
684
514
1055
896
820
759
315
937
455
308
883
353
562
207
1076
306
1001
111
154
745
72
940
827
90
815
421
1048
834
132
360
254
458
991
489
979
435
696
563
1043
339
141
668
322
296
8
298
1
304
48
1014
66
601
176
344
287
608
833
626
447
667
54
457
155
148
910
720
68
586
106
159
237
13
545
364
18
358
314
379
700
497
874
347
285
506
265
370
535
19
33
410
69
203
760
939
420
788
642
669
301
244
95
204
271
762
505
120
548
864
386
821
776
602
313
97
1007
554
58
870
371
42
295
706
773
32
1003
488
433
710
112
414
767
180
1059
636
1012
726
270
409
643
648
713
877
343
50
78
201
381
412
268
62
1060
286
404
199
786
977
631
884
914
272
251
663
536
532
600
895
758
928
311
913
475
232
1016
290
624
171
559
135
588
46
128
316
956
166
164
31
1025
935
725
389
354
887
735
319
998
119
484
257
1024
340
397
687
711
660
807
451
676
426
400
754
647
284
765
736
842
944
951
149
818
463
764
478
483
878
715
281
920
748
403
897
413
675
472
151
1019
825
769
437
659
1067
158
289
848
293
992
1041
1077
368
969
503
479
960
195
130
456
390
182
183
247
712
722
1050
320
804
607
575
20
746
392
282
802
152
248
55
192
756
52
530
570
771
338
516
879
208
49
39
623
664
846
630
501
140
730
486
312
856
115
56
169
1061
1026
612
737
99
571
930
471
890
262
388
1038
432
1027
1008
241
63
703
912
198
133
24
333
288
552
382
591
425
614
187
934
1021
259
792
25
843
80
173
45
651
613
153
826
93
996
253
919
464
124
165
194
635
747
229
337
942
633
853
543
625
527
511
738
655
283
784
496
787
698
1051
92
1006
375
904
658
418
114
117
774
840
275
638
699
1053
428
909
817
708
361
234
674
557
122
959
378
723
37
53
596
775
168
1037
518
500
227
177
709
329
573
868
487
945
326
490
644
943
79
498
949
980
470
98
916
649
212
1065
1004
590
564
1011
233
946
355
695
226
184
215
768
256
186
510
150
385
583
258
729
785
859
1030
446
384
641
831
1009
997
89
1046
220
975
144
452
346
1032
524
373
430
961
974
1040
239
162
310
143
104
865
107
