723
991
474
1065
625
208
768
348
1077
930
118
179
336
804
311
423
125
968
636
715
960
238
879
1035
916
894
475
279
448
838
319
8
761
74
386
1068
127
3
792
914
215
953
740
200
269
949
995
223
980
628
160
655
585
510
472
728
811
181
27
998
717
983
534
659
470
924
338
173
98
1047
395
368
765
138
690
89
1031
707
188
928
711
866
60
214
849
734
600
150
497
612
979
1060
963
870
59
1039
802
185
533
955
167
907
467
418
926
71
111
694
344
504
405
337
1059
1037
615
412
295
874
396
790
196
403
186
1044
880
134
184
30
18
411
652
812
832
426
542
471
119
230
324
483
944
259
522
862
117
841
57
873
972
803
352
487
539
945
626
596
1075
289
939
675
1020
416
550
178
174
36
631
778
297
971
520
180
1064
813
1030
250
400
517
643
1070
207
589
1034
347
58
1063
558
334
766
666
730
785
326
447
556
151
1073
769
256
234
37
570
300
560
748
385
872
231
577
899
742
408
959
701
710
0
13
1024
713
915
86
518
692
793
172
1055
388
671
216
229
120
593
1023
921
512
68
209
687
421
2
1026
1016
724
990
941
562
863
305
45
583
886
375
362
624
182
391
133
255
796
1052
489
920
351
682
958
390
1048
169
697
245
736
634
644
419
267
35
156
481
934
935
927
407
477
741
29
466
354
205
864
1025
773
861
241
590
288
680
383
115
260
345
789
919
104
139
221
366
232
598
1013
519
564
170
4
842
158
1006
816
855
140
641
7
786
954
896
549
195
1022
1066
653
686
437
658
853
739
559
56
204
902
61
938
420
1021
622
397
964
503
135
285
275
543
956
244
898
54
664
988
985
1005
301
679
981
763
175
211
445
630
584
247
22
322
750
837
415
451
527
123
306
942
656
716
801
91
661
455
611
432
604
678
90
756
114
290
582
540
94
743
171
329
508
933
501
673
166
1036
73
349
967
373
511
738
427
469
753
1007
532
984
1046
660
553
780
201
85
745
602
575
637
993
393
509
262
629
684
266
951
651
298
775
187
399
844
617
206
363
820
243
854
46
199
888
528
973
14
620
488
293
727
729
327
299
414
776
608
404
97
381
53
359
856
828
330
146
674
649
587
822
128
691
848
893
40
536
50
783
1045
986
799
314
192
389
544
82
130
500
19
198
264
312
657
696
1032
272
494
965
80
827
52
1012
1041
672
452
1074
1029
987
449
1000
132
410
202
513
754
41
567
39
10
72
76
38
614
1028
277
442
677
557
851
356
871
333
355
997
108
20
805
860
55
462
552
770
833
498
100
78
547
141
818
771
365
23
595
340
639
292
440
203
144
102
87
253
70
79
891
548
357
24
1038
897
913
168
524
236
900
62
824
265
826
787
797
814
1033
480
718
406
210
99
443
706
676
502
96
323
569
350
240
831
876
193
321
382
149
145
165
747
531
881
177
668
213
586
757
9
159
110
430
516
689
458
1072
1017
291
784
387
103
578
361
328
623
220
683
936
287
777
970
225
906
948
1027
95
332
479
339
709
681
493
670
845
194
994
962
791
571
809
794
371
852
545
878
147
164
1003
865
273
576
733
529
48
889
912
525
910
246
5
580
877
304
901
566
834
1011
83
222
476
374
124
969
49
1004
746
425
627
116
409
219
44
725
755
258
530
281
918
882
645
454
51
224
978
605
126
646
1
609
32
459
810
909
779
663
616
218
895
607
251
722
1009
63
597
732
398
621
456
84
546
25
154
857
808
541
1049
417
296
662
966
767
957
702
444
121
376
830
346
122
720
931
1067
708
825
759
153
112
413
911
737
1008
847
1043
26
316
976
526
446
581
439
271
496
726
647
996
468
342
603
109
75
977
618
42
843
34
464
65
555
836
563
343
233
248
858
667
1014
157
798
