206
21
166
179
383
37
184
494
192
248
413
163
69
483
211
204
257
35
275
315
78
401
79
222
200
368
289
201
359
146
26
19
241
354
114
470
348
473
126
357
152
327
17
345
326
20
498
304
130
167
396
260
141
117
489
108
199
85
53
12
0
118
38
180
287
461
270
481
58
282
1
360
337
137
92
197
68
387
125
245
122
421
212
189
278
398
274
111
183
332
458
46
491
499
128
317
358
410
232
466
253
107
120
453
492
339
156
268
497
217
74
250
316
115
415
313
182
116
41
218
44
350
65
243
297
373
269
256
251
40
333
215
356
231
342
220
496
402
106
295
134
84
18
306
267
190
98
271
145
14
22
4
196
82
341
9
39
294
123
86
456
336
168
121
330
455
150
334
320
264
226
389
307
51
346
469
459
300
2
153
379
236
440
352
340
386
73
105
181
414
233
31
11
176
144
367
36
3
165
151
50
361
90
416
450
277
77
362
291
75
372
66
428
223
299
227
323
426
6
70
365
382
484
91
322
27
302
384
172
28
449
495
207
351
261
138
93
149
272
325
405
213
87
224
460
433
178
467
239
439
391
103
129
309
397
273
482
429
142
110
276
308
132
283
331
56
235
198
234
485
446
314
436
418
423
177
95
64
475
13
305
148
216
303
249
380
29
488
254
225
371
343
427
113
147
324
214
169
72
255
480
409
159
479
104
247
188
187
406
404
89
209
378
338
392
252
464
205
238
203
478
45
154
259
208
476
112
47
477
419
364
94
102
301
444
158
375
124
186
369
119
160
296
43
242
57
408
135
318
284
432
438
76
237
7
265
193
335
493
442
194
244
321
411
298
49
228
344
374
230
400
8
424
170
71
