117
476
76
365
46
332
227
460
417
112
315
461
198
421
277
215
32
290
411
216
442
71
493
102
328
210
99
473
114
214
431
159
163
484
305
105
330
221
252
259
120
133
157
261
239
232
94
436
174
452
490
454
406
415
428
66
187
146
494
35
200
306
254
7
347
334
128
322
266
364
173
434
327
297
390
58
275
18
472
238
141
432
13
91
60
230
344
135
137
430
206
255
118
161
358
204
79
480
288
459
30
250
462
93
324
68
479
211
280
188
329
178
265
182
176
495
87
42
464
248
346
246
36
331
175
353
195
361
456
229
131
28
130
363
149
492
205
450
354
377
416
398
244
38
169
31
307
134
308
145
336
228
357
100
471
405
64
54
303
380
488
44
203
276
29
483
333
4
83
166
482
9
48
25
123
140
439
158
320
268
486
52
311
319
213
156
27
1
293
425
270
190
67
349
467
402
438
466
191
89
41
245
47
345
72
180
394
285
15
366
317
321
485
155
212
253
309
45
339
97
101
381
335
33
74
367
487
167
418
85
129
95
62
208
444
499
316
225
375
440
104
384
22
337
408
152
237
292
171
106
298
96
413
410
63
16
162
126
371
269
392
291
80
242
281
388
21
304
382
362
224
445
340
121
359
151
397
352
469
240
299
326
435
119
113
360
386
53
478
273
11
284
6
116
256
491
414
197
412
5
372
387
223
263
243
302
144
49
236
8
289
403
196
447
202
443
143
441
14
282
296
262
220
448
193
69
369
257
55
181
283
378
342
323
355
356
70
111
385
272
401
251
489
341
209
57
73
81
409
92
65
468
423
429
376
463
138
40
10
300
20
222
437
370
108
313
249
247
451
2
453
136
86
301
241
455
189
391
475
424
497
122
150
154
274
0
271
279
192
446
56
43
226
234
115
458
393
50
78
294
168
75
433
348
325
217
422
3
127
107
184
264
98
258
185
19
383
407
170
287
61
24
373
51
148
474
164
132
477
147
470
177
231
109
295
338
125
465
260
12
82
374
395
457
419
219
312
498
314
153
420
34
124
351
84
278
110
218
286
235
426
207
400
379
88
39
23
350
179
186
172
496
404
142
139
449
389
343
90
160
103
26
59
267
201
199
194
396
17
37
233
77
310
427
318
399
165
368
183
481
