821
836
454
203
11
667
52
717
18
253
898
490
182
853
458
917
60
447
685
479
756
849
283
493
642
897
100
860
516
980
715
922
422
653
0
452
391
805
546
426
206
620
947
729
974
304
469
590
522
838
210
880
589
831
130
472
582
90
767
394
694
113
930
977
539
566
738
755
286
175
689
660
176
761
309
163
606
331
936
39
932
216
854
14
938
381
529
937
982
207
548
1043
1077
366
238
1019
841
499
635
402
115
952
601
321
269
226
561
202
223
79
193
137
378
718
984
969
619
495
943
138
994
881
971
676
797
150
886
857
128
596
734
1024
866
9
903
104
12
716
327
834
575
221
284
46
655
425
498
605
68
781
262
1015
577
940
800
344
1013
999
339
288
749
166
496
989
835
502
1017
77
282
763
675
332
218
559
933
645
1036
677
348
93
51
418
794
799
802
266
563
387
419
45
1028
770
308
981
966
67
576
180
448
1010
13
296
895
6
708
861
597
822
766
97
459
42
951
1067
431
1005
630
140
973
1029
787
784
777
349
429
367
1025
173
392
598
925
855
527
625
604
430
662
538
571
732
814
276
118
504
1035
131
808
149
532
354
511
535
890
159
623
272
15
573
758
232
162
550
78
748
307
959
1023
742
745
189
972
126
370
585
840
632
1066
492
432
157
1030
899
806
350
792
542
85
673
1032
2
871
313
287
484
71
273
408
523
10
249
213
148
24
510
782
878
746
142
217
832
388
874
397
560
178
811
945
1058
368
274
843
941
519
417
428
993
736
813
626
714
214
369
482
888
643
211
990
61
231
306
1006
318
657
436
809
23
852
1045
1075
644
63
106
889
1042
437
110
543
488
70
654
733
663
41
377
640
816
743
773
403
483
151
114
913
545
882
503
987
21
618
906
686
1054
433
1061
586
94
481
757
439
915
1056
305
352
778
1053
342
540
251
828
111
681
622
786
1033
81
978
658
201
386
664
310
35
848
1063
1047
551
815
385
1016
1049
725
317
520
171
637
1071
704
179
508
279
600
98
362
863
859
243
892
953
73
751
970
152
544
212
351
311
921
497
258
105
22
256
621
82
760
103
141
234
136
489
26
174
775
793
277
957
795
220
901
4
275
671
358
791
246
420
562
92
224
1002
54
145
467
1072
986
338
456
929
101
108
726
257
1076
531
752
116
684
569
89
64
470
827
364
842
1057
357
324
125
517
289
1000
916
680
798
120
153
617
487
80
894
298
500
741
608
713
336
764
628
819
235
1065
961
154
812
521
884
340
401
168
