291
334
171
62
12
175
196
487
362
223
489
51
471
421
424
316
371
434
211
278
168
312
88
37
248
197
149
342
358
113
467
272
301
457
302
482
228
292
326
144
243
353
140
470
10
61
176
408
251
85
187
488
462
289
92
173
9
200
440
81
31
139
406
410
71
241
227
306
468
194
296
234
491
250
134
258
103
441
198
53
99
383
282
305
451
355
185
79
102
290
129
109
403
184
24
452
332
386
13
346
147
165
162
169
111
2
3
304
307
370
191
202
480
483
261
484
166
325
285
498
490
44
276
423
275
238
136
207
442
46
267
232
22
499
142
349
444
478
112
178
63
161
303
182
380
384
253
17
493
84
