131
92
411
427
218
117
439
284
337
74
73
238
185
236
145
267
184
435
189
42
396
242
121
425
45
188
364
87
206
280
297
97
285
156
52
207
46
385
125
441
217
265
499
345
37
363
491
107
295
376
237
487
311
357
44
477
349
395
315
133
460
332
239
40
421
356
404
336
30
219
6
160
234
208
21
164
304
378
32
475
443
222
197
140
198
291
371
216
49
431
212
361
14
3
102
372
144
146
494
79
488
383
171
111
183
410
128
325
209
307
158
251
495
58
316
170
50
129
374
429
162
172
394
471
369
339
493
229
179
401
498
235
142
485
444
465
148
85
99
255
497
36
104
187
136
296
120
48
109
39
433
61
122
432
377
416
403
437
245
17
5
360
451
366
301
35
194
93
348
252
115
409
211
362
467
165
436
246
322
367
33
423
166
161
305
354
66
72
405
272
282
152
479
84
480
16
94
180
199
150
466
422
279
70
457
407
276
474
59
8
260
108
309
116
101
331
447
350
24
320
449
254
270
370
268
434
100
19
2
343
175
470
312
220
123
481
34
263
174
355
328
418
489
4
200
318
96
298
277
273
130
118
412
452
139
264
193
20
177
402
390
445
90
373
98
167
155
9
23
469
299
178
196
340
169
80
110
387
463
319
29
462
190
15
450
415
461
204
56
290
388
300
226
173
420
393
223
492
338
341
151
147
210
168
482
57
1
379
221
163
47
428
53
330
490
82
76
54
375
484
278
352
41
389
419
456
26
232
88
347
310
446
149
442
308
335
398
86
478
83
365
11
424
203
126
137
22
417
215
289
327
43
261
62
283
181
358
230
89
274
225
440
313
303
414
459
486
288
380
473
227
192
317
202
257
7
306
55
132
240
353
135
233
113
68
314
77
253
71
228
63
0
13
426
154
266
287
455
458
60
392
28
249
329
496
262
134
157
138
195
25
286
275
224
95
103
453
259
201
464
250
448
342
67
205
454
51
106
105
294
186
127
382
391
271
413
124
323
326
408
368
78
359
386
114
324
334
476
27
346
64
281
258
344
159
65
351
438
214
384
75
333
231
302
406
243
38
10
176
153
12
119
293
292
18
69
31
112
244
247
213
256
248
91
399
472
191
400
321
143
381
483
430
81
141
182
397
468
269
241
