239
264
340
860
628
610
884
646
114
525
921
729
919
42
390
364
590
37
190
511
285
559
717
1074
700
893
221
541
1030
71
187
64
90
474
107
993
1076
395
291
5
780
119
31
728
896
1015
100
978
638
840
315
1012
397
113
726
851
154
400
863
625
502
682
1022
1034
224
343
415
642
730
1065
1041
161
332
331
566
350
266
816
241
378
162
157
832
760
65
934
958
508
583
300
670
587
691
634
892
746
278
601
6
194
510
499
664
490
379
656
891
748
185
1033
705
837
855
830
967
751
1004
287
904
505
565
787
683
992
336
125
448
512
462
370
323
865
719
1067
626
716
43
720
1014
18
681
665
97
12
555
409
1027
841
658
503
643
895
334
595
551
233
33
1001
944
147
288
