295
1055
212
224
531
866
219
371
280
395
17
429
626
467
294
869
176
123
458
861
201
399
32
184
127
126
104
70
385
1005
897
648
700
290
890
125
1024
679
89
865
1016
320
403
459
918
406
1045
898
69
463
47
1025
938
580
1002
285
341
838
627
1029
428
681
117
675
37
880
323
967
526
1013
1015
638
166
649
210
603
18
275
131
914
474
1008
337
724
594
375
1070
165
802
304
544
598
784
227
522
461
788
381
824
473
433
754
167
116
661
7
1003
685
578
332
711
1046
612
821
884
216
334
915
763
910
310
364
283
317
1021
529
755
885
241
978
391
354
445
677
993
732
58
647
584
251
881
987
899
999
302
211
597
844
712
489
53
105
781
505
157
1030
199
722
174
196
862
570
491
200
575
450
394
841
441
653
453
733
1047
438
228
1011
582
152
170
386
823
970
509
2
726
59
114
629
103
67
408
973
805
573
63
179
162
368
383
245
494
980
147
886
397
749
561
322
1035
247
468
500
143
150
958
747
154
1018
153
503
912
108
93
902
91
539
52
965
604
447
995
719
1062
740
721
908
834
462
496
560
389
714
873
44
402
859
163
195
430
435
254
646
695
553
479
964
736
644
181
214
213
730
969
499
826
760
923
739
72
623
636
798
361
345
867
608
413
171
534
256
810
778
365
315
426
308
497
204
484
903
121
849
833
792
443
260
1
268
106
422
851
829
482
55
203
202
83
469
437
344
589
799
806
466
835
634
271
767
752
265
410
85
686
672
223
355
614
691
68
830
666
1004
267
900
1019
112
601
160
405
257
818
362
175
133
306
113
588
913
43
872
812
425
73
439
128
132
81
262
300
493
905
876
863
118
906
249
235
270
635
718
477
404
630
328
155
66
287
633
347
1056
786
566
340
655
218
87
779
796
485
670
921
769
197
816
187
79
988
172
487
188
590
660
930
1049
1050
352
259
1051
129
78
504
15
932
538
36
611
412
785
1000
1066
329
546
71
372
663
581
586
390
507
693
572
255
929
145
39
471
277
234
309
1053
1043
992
266
768
848
815
782
532
342
540
968
51
1034
338
232
291
651
312
1020
1032
263
207
557
713
1040
14
222
35
30
158
808
997
346
954
109
776
449
673
571
656
729
814
975
122
65
348
483
916
551
151
102
595
669
845
220
951
1063
190
379
761
1042
1006
787
307
725
119
130
657
61
239
606
455
388
940
460
512
1074
716
424
852
414
273
209
378
419
928
593
451
313
370
530
628
11
289
305
613
715
186
631
847
392
60
1076
790
142
240
680
972
791
665
549
416
173
959
699
698
748
1065
842
139
96
1044
528
221
694
683
822
941
1033
1073
144
943
21
793
252
1027
738
731
1075
585
396
632
407
864
321
360
41
488
64
701
860
80
933
311
1072
301
38
949
12
524
88
723
870
511
244
82
945
727
819
49
298
1017
293
624
1038
887
982
1041
569
961
436
409
650
977
513
333
480
667
839
178
194
684
183
811
1064
318
349
446
237
339
253
837
314
205
542
775
148
757
1036
919
57
836
602
637
875
753
193
946
783
456
828
353
149
101
501
574
490
744
702
56
697
576
384
643
874
955
616
1052
706
704
855
427
777
192
639
46
610
248
1058
92
420
682
960
225
475
548
206
515
996
75
282
331
535
159
541
95
1001
774
642
94
506
533
707
472
920
652
756
688
86
452
696
27
877
525
421
850
659
552
735
966
591
780
577
495
99
904
286
710
3
1057
19
545
138
387
6
705
745
454
619
16
858
939
981
925
380
556
934
31
963
258
9
979
773
325
8
327
74
319
278
13
1067
794
1009
1023
161
357
398
107
759
440
936
1060
617
944
709
942
1010
351
854
607
366
276
23
135
1069
169
1031
134
554
521
10
883
989
432
831
600
807
292
