160
396
346
105
95
270
375
268
424
122
216
299
26
306
453
77
477
23
292
412
50
28
120
488
354
493
249
380
189
43
98
40
359
194
219
202
398
473
301
42
103
334
357
286
483
38
209
284
220
180
74
15
44
190
121
47
322
2
88
406
139
388
400
463
140
313
288
486
171
159
52
223
471
389
260
347
324
312
62
362
307
291
104
57
147
199
274
72
33
476
240
7
320
102
431
421
178
475
428
258
479
157
468
0
101
213
81
195
369
141
278
31
207
113
250
3
436
69
115
110
296
343
192
300
226
242
64
327
85
402
432
37
441
381
241
248
444
449
458
255
311
187
126
420
18
386
82
263
165
474
426
422
196
93
279
182
191
239
184
34
464
253
235
366
272
295
399
401
224
176
390
341
467
373
405
60
457
419
155
470
174
128
133
107
132
462
13
94
66
330
430
367
156
273
222
337
361
137
319
245
229
487
305
455
303
230
329
376
203
48
413
325
377
363
55
409
439
321
118
169
170
293
236
145
210
326
271
163
355
310
497
434
24
70
280
416
480
345
351
144
264
358
131
368
433
435
425
485
350
459
314
124
53
63
394
5
403
492
114
332
277
364
440
87
392
91
29
9
372
152
11
138
489
212
353
65
215
56
385
269
221
445
316
217
481
51
404
218
161
247
8
472
304
496
61
186
41
243
454
188
352
393
339
20
451
30
498
179
356
75
287
266
225
438
111
495
254
228
452
27
382
14
244
71
83
12
164
129
127
478
336
340
397
338
323
185
448
90
309
233
238
331
344
379
374
429
395
67
108
99
36
150
100
173
214
232
494
175
143
411
257
58
181
414
302
96
499
200
333
290
465
123
146
294
348
