327
493
285
80
324
402
186
441
389
387
106
66
18
471
373
207
176
43
499
497
296
181
190
480
247
201
438
422
323
363
306
341
455
188
225
81
346
385
50
5
210
492
325
426
141
34
248
352
472
136
114
160
58
261
4
255
383
369
195
72
100
107
360
85
29
35
120
356
19
204
294
464
143
198
226
104
399
382
46
49
70
173
250
366
222
339
26
218
316
223
487
1
259
440
258
404
302
215
313
137
224
343
16
212
326
436
95
432
474
94
430
308
416
245
158
309
418
459
117
367
354
374
395
227
88
25
166
319
183
412
466
265
44
73
335
358
428
435
273
150
2
99
52
400
233
187
394
213
96
420
287
293
155
448
384
24
481
232
86
6
211
421
279
305
214
318
77
167
244
139
154
11
228
56
288
462
75
445
388
417
442
65
379
203
109
146
348
370
138
498
268
463
392
340
40
397
310
20
242
33
292
169
333
424
113
93
162
266
264
315
42
336
317
311
108
429
405
98
280
89
240
196
122
407
256
78
134
451
337
460
277
76
243
496
431
144
355
71
101
178
241
456
289
391
253
234
281
299
443
174
403
105
494
57
82
410
269
486
45
263
401
298
209
126
168
171
303
237
414
476
350
74
331
55
378
0
48
170
362
200
386
290
238
128
380
427
377
425
13
254
8
156
307
446
267
452
304
121
37
206
276
330
159
349
465
295
262
17
68
7
439
191
488
62
84
103
444
60
3
208
115
312
148
229
473
361
125
495
260
461
457
12
142
184
364
411
271
221
38
230
236
182
284
453
63
90
22
59
434
396
450
32
135
161
202
147
27
257
15
334
131
10
31
454
482
123
322
23
124
246
83
47
133
67
282
