301
48
9
344
465
186
188
294
275
308
330
101
168
345
16
422
260
496
139
385
441
336
229
293
184
472
448
216
193
478
12
113
494
5
323
83
284
403
142
123
297
363
47
8
418
177
97
425
290
486
232
450
479
69
457
143
477
283
32
350
466
36
280
211
40
176
306
93
369
112
53
162
302
71
109
19
349
55
92
299
406
382
56
277
337
244
121
266
247
318
88
322
156
463
259
315
471
373
219
415
25
100
144
367
137
399
268
42
347
408
140
85
384
226
210
324
357
215
154
29
201
185
405
273
270
7
329
243
114
169
173
300
146
346
332
360
164
498
398
424
484
10
256
151
205
263
348
432
307
481
129
321
35
6
157
155
115
180
295
175
327
76
160
174
490
417
474
163
111
148
355
203
326
342
356
194
314
279
225
392
90
489
439
46
358
170
59
412
426
11
145
237
262
427
375
120
54
325
58
68
372
3
161
434
181
460
60
61
400
455
258
257
272
221
128
328
370
339
159
454
281
379
309
199
492
396
410
261
141
239
167
402
200
228
447
171
442
182
420
469
189
44
391
79
287
220
497
265
2
116
395
296
366
38
429
0
105
41
365
27
23
24
57
483
414
158
31
312
208
267
238
430
462
493
98
235
409
99
117
102
49
218
377
445
230
249
13
217
223
242
130
285
338
33
136
482
110
443
152
122
187
108
15
106
352
452
440
371
435
374
381
198
252
133
178
413
305
248
183
433
419
282
488
204
253
376
118
423
289
67
485
70
449
241
286
81
64
459
438
30
96
495
84
172
127
351
21
166
383
236
316
209
153
86
103
291
476
213
52
245
444
17
461
255
28
233
468
340
240
453
39
104
196
491
473
