816
706
1037
974
631
772
315
1046
476
154
259
60
813
240
825
1013
835
120
1063
1005
159
436
84
696
1065
670
959
279
380
224
174
930
253
462
492
988
268
826
533
22
257
609
320
1010
329
441
888
458
232
564
72
723
110
444
925
293
784
359
862
879
292
275
221
167
225
1075
264
306
683
514
809
9
986
208
214
525
889
518
910
233
8
290
123
620
616
389
583
602
860
172
36
837
328
721
782
26
783
372
603
1022
277
743
802
199
541
769
943
921
420
95
99
870
454
982
487
490
548
859
338
975
470
1061
577
281
553
261
114
28
838
580
49
246
767
387
388
793
915
953
236
527
621
398
911
976
313
148
433
958
843
391
725
446
121
88
847
678
604
649
147
634
819
303
205
342
282
1002
716
935
569
565
468
1073
961
710
42
1072
726
798
842
27
613
400
361
745
413
350
932
477
129
238
180
204
171
1052
51
12
231
481
220
985
365
744
438
472
435
195
414
828
995
544
686
5
622
714
632
393
332
515
991
317
302
983
206
812
210
1011
1032
677
1019
876
402
973
466
752
457
574
846
950
751
200
839
928
407
778
672
101
605
285
739
47
216
494
718
503
856
512
344
946
905
443
374
944
90
1015
311
766
244
270
263
453
814
771
545
255
287
353
931
1001
704
1043
52
698
590
128
81
352
301
1042
451
808
952
611
891
705
1054
658
640
749
979
560
3
322
586
742
39
29
55
212
555
754
1076
519
421
1064
630
226
137
274
475
422
675
610
526
866
496
647
412
160
671
416
907
333
401
209
378
188
207
665
656
169
680
356
331
947
963
733
722
497
89
746
1062
474
177
119
834
584
124
300
914
151
641
788
74
1068
786
804
872
427
82
318
873
829
939
1071
249
948
999
502
75
21
289
900
334
187
762
881
498
406
707
149
399
40
183
321
1029
449
582
897
278
65
83
1074
918
109
572
799
500
273
699
780
299
228
729
452
906
712
489
1077
164
242
230
63
309
1028
531
1
445
681
1053
1027
578
488
371
376
243
1003
791
629
1006
176
77
618
817
803
340
87
993
19
102
951
592
1069
64
93
938
196
614
1008
759
17
857
425
85
358
542
117
1007
459
508
980
115
700
23
659
644
80
165
175
456
469
956
310
251
442
563
537
1025
1033
296
1060
669
787
688
482
711
184
335
73
794
626
383
304
777
867
59
701
152
381
194
597
46
346
967
2
540
13
30
978
486
913
676
608
639
348
516
484
1021
890
770
884
557
735
840
179
392
105
1059
970
666
