371
364
456
143
811
486
403
922
934
332
330
481
436
851
830
416
983
373
873
211
657
751
232
63
131
925
822
937
1045
322
110
904
944
178
618
438
833
930
1033
538
394
805
273
414
254
94
468
489
375
929
661
693
994
931
838
1070
31
752
601
1013
367
511
458
701
238
182
354
144
203
250
575
552
480
860
850
350
204
964
366
886
466
128
978
734
417
421
839
412
13
1035
299
296
152
187
298
310
616
205
476
478
972
181
1074
40
174
120
762
260
498
868
192
1017
800
222
935
777
377
1043
55
134
162
179
663
627
66
76
1000
828
957
384
413
786
133
1
309
955
1047
620
126
617
581
443
226
1044
778
259
591
779
1075
950
551
1071
1030
326
137
393
302
465
102
37
445
535
506
690
705
125
404
408
334
884
390
378
1056
614
201
303
719
305
583
836
473
530
363
269
853
1004
548
522
290
47
383
409
444
932
528
340
914
674
209
188
708
1031
240
712
12
361
658
459
748
1041
218
717
588
1053
775
286
410
700
376
274
980
136
990
596
1014
834
153
318
510
217
452
863
113
569
504
816
387
166
396
60
570
329
44
531
759
769
954
295
517
938
241
580
866
288
823
159
335
879
918
27
15
320
415
687
1064
565
208
442
277
521
357
35
70
945
513
989
356
949
154
770
739
684
1007
792
233
325
963
294
953
852
391
117
655
875
210
1029
992
87
608
4
541
986
642
993
524
439
196
767
542
587
21
291
757
670
766
874
1024
662
607
314
970
600
702
427
508
948
212
202
912
372
245
507
167
818
755
848
1051
585
721
121
555
78
129
26
893
84
358
889
28
449
68
411
193
216
936
544
940
895
728
432
157
878
906
694
919
825
678
733
194
175
214
597
1040
789
150
451
829
606
223
977
324
430
876
927
1023
665
890
817
636
308
1018
6
477
714
576
418
633
488
386
346
537
230
804
251
130
93
691
760
106
147
1055
51
559
911
577
819
806
593
831
472
763
116
228
53
43
279
289
446
764
622
148
1046
765
821
864
268
730
1058
845
339
237
624
369
648
900
917
132
543
493
73
1068
574
9
865
646
420
491
623
246
50
355
304
750
219
492
847
185
119
85
549
654
711
265
471
1059
637
634
351
1028
849
213
307
628
675
115
461
738
747
561
567
267
887
426
689
1006
331
139
1050
619
615
899
124
625
803
1025
29
883
160
262
704
668
257
496
550
776
621
568
787
336
32
1016
158
589
545
566
870
671
1072
882
482
859
345
688
666
523
341
754
562
916
