39
885
609
568
1018
471
674
167
1006
451
1077
893
281
96
265
7
497
174
294
741
988
582
727
1062
624
156
830
89
336
244
1056
600
715
912
232
866
173
432
79
237
1043
496
892
192
657
400
826
629
773
913
599
540
1047
824
896
315
979
282
740
718
526
821
880
145
623
147
642
689
662
409
528
32
649
442
839
317
311
142
1075
683
319
753
537
961
549
772
258
132
691
1051
825
348
154
650
279
542
815
190
859
410
126
225
386
77
928
738
377
747
228
309
208
729
480
212
530
27
78
858
313
617
989
186
93
675
601
230
122
157
413
28
125
509
13
794
169
845
664
520
1008
51
853
187
991
786
476
710
897
20
929
21
944
1076
1020
393
274
217
121
133
216
931
387
196
76
945
184
870
627
521
999
708
49
270
372
750
419
571
865
26
24
1003
883
457
91
105
698
381
901
680
339
713
18
481
765
366
158
803
175
72
25
817
873
923
285
248
129
1028
412
501
314
954
902
17
1069
781
482
183
477
697
619
562
743
120
717
686
441
297
495
47
365
176
632
153
397
14
134
550
259
832
704
965
298
628
799
942
764
849
808
754
323
423
135
210
515
251
288
605
373
921
433
1016
468
1073
341
561
985
46
670
1049
947
783
702
327
758
127
737
108
547
56
688
850
140
396
355
745
508
151
467
9
847
842
1072
798
322
195
305
857
834
502
206
534
82
391
193
436
438
535
326
349
633
959
969
138
938
536
16
1036
976
307
139
447
371
888
106
