48
267
375
479
5
121
215
490
135
94
183
165
397
239
245
336
203
488
118
234
296
347
240
403
65
201
72
12
170
178
163
58
87
120
417
117
362
295
192
332
326
464
324
378
11
208
114
30
448
107
196
359
323
34
360
331
466
75
460
357
275
274
408
18
103
427
15
211
491
467
453
409
283
449
264
349
246
407
368
148
281
225
419
41
390
442
190
233
230
101
301
328
169
470
273
167
400
52
229
185
278
200
402
166
285
44
257
345
151
416
9
463
92
399
317
130
164
16
410
411
418
303
221
499
386
1
186
238
371
25
4
485
116
404
334
83
385
26
145
292
82
381
454
458
19
236
256
235
36
446
38
126
255
342
436
156
209
77
191
306
272
462
393
241
382
218
32
88
352
61
261
373
249
162
333
348
217
139
270
435
223
495
57
437
227
59
123
472
180
175
489
23
224
179
237
207
172
102
244
376
159
181
288
210
168
29
74
14
268
39
335
113
84
136
33
311
171
379
477
108
346
28
445
298
105
10
456
127
421
161
8
480
195
27
194
80
341
265
291
119
176
3
60
20
465
484
476
110
294
132
79
329
263
182
133
354
40
125
434
293
383
198
260
487
388
452
422
415
395
300
106
247
142
193
131
37
468
112
440
325
322
401
364
350
391
17
158
269
387
444
392
316
6
384
53
254
128
351
481
455
54
31
89
63
312
493
262
299
457
471
78
366
122
279
205
187
377
289
497
93
450
199
2
184
356
69
216
45
423
461
330
86
124
287
318
253
0
173
374
498
50
286
206
277
443
111
71
478
266
144
361
430
96
49
214
389
147
339
380
140
276
282
451
152
413
412
447
7
314
219
85
13
337
248
90
